0 0.44375 0.1078125 0.1171875 0.1171875
1 0.390625 0.2015625 0.121875 0.1265625
2 0.35 0.3078125 0.1046875 0.1109375
5 0.678125 0.46875 0.246875 0.2125
1 0.4734375 0.7875 0.1046875 0.121875
1 0.2828125 0.890625 0.1015625 0.115625
1 0.5703125 0.9015625 0.090625 0.090625
2 0.615625 0.3046875 0.1 0.103125
2 0.321875 0.453125 0.1109375 0.1140625
2 0.3703125 0.5640625 0.1078125 0.1109375
2 0.5703125 0.1421875 0.1 0.103125
2 0.7015625 0.2125 0.11875 0.1203125
2 0.440625 0.6921875 0.0984375 0.1
2 0.4671875 0.3890625 0.11875 0.11875
1 0.64375 0.75 0.0796875 0.084375
2 0.465625 0.9265625 0.0859375 0.0859375
2 0.3359375 0.671875 0.08125 0.0859375
1 0.61875 0.61875 0.09375 0.09375
2 0.5234375 0.5421875 0.115625 0.1265625