1 0.5328125 0.04375 0.1203125 0.0859375
1 0.746875 0.4203125 0.1171875 0.0984375
1 0.475 0.546875 0.1125 0.1109375
1 0.4140625 0.2296875 0.103125 0.090625
1 0.321875 0.6796875 0.0953125 0.09375
2 0.5203125 0.746875 0.0984375 0.0984375
2 0.315625 0.2640625 0.0828125 0.09375
2 0.640625 0.2296875 0.1171875 0.1109375
2 0.675 0.7875 0.109375 0.1109375
0 0.596875 0.8875 0.1375 0.13125
2 0.3015625 0.3578125 0.075 0.0765625
2 0.484375 0.315625 0.0859375 0.10625
2 0.5359375 0.225 0.06875 0.0734375
2 0.4734375 0.1390625 0.0984375 0.0921875
2 0.3015625 0.09375 0.1328125 0.13125
2 0.70625 0.1375 0.1171875 0.121875
2 0.5765625 0.5421875 0.0953125 0.1125
2 0.684375 0.5375 0.1046875 0.109375
2 0.63125 0.4484375 0.090625 0.09375
2 0.53125 0.434375 0.0640625 0.0671875
2 0.6546875 0.3375 0.09375 0.1046875
1 0.3625 0.49375 0.0421875 0.05
2 0.4765625 0.6484375 0.103125 0.09375
2 0.6203125 0.6859375 0.125 0.1203125
2 0.4046875 0.759375 0.1125 0.1046875
2 0.3140625 0.8140625 0.1109375 0.09375
2 0.28125 0.934375 0.103125 0.0828125