3 0.696875 0.2125 0.11875 0.115625
3 0.3390625 0.6953125 0.115625 0.115625
2 0.2859375 0.2125 0.0875 0.1
1 0.403125 0.2515625 0.10625 0.1203125
2 0.465625 0.7703125 0.1046875 0.0953125
2 0.4421875 0.346875 0.0953125 0.096875
2 0.2796875 0.8203125 0.0890625 0.0921875
2 0.675 0.4234375 0.103125 0.103125
2 0.3875 0.5890625 0.103125 0.1015625
2 0.64375 0.303125 0.09375 0.0984375
2 0.5109375 0.6640625 0.1015625 0.103125
2 0.315625 0.4703125 0.0890625 0.0921875
2 0.5671875 0.459375 0.084375 0.084375
2 0.58125 0.0890625 0.1125 0.115625
1 0.6515625 0.54375 0.096875 0.1015625
2 0.4375 0.103125 0.059375 0.0625
2 0.559375 0.2140625 0.090625 0.090625
2 0.578125 0.928125 0.0328125 0.0328125
2 0.440625 0.878125 0.0234375 0.0234375
2 0.4484375 0.471875 0.115625 0.1015625
2 0.6515625 0.6984375 0.11875 0.1125
2 0.659375 0.846875 0.125 0.1078125