4 0.56875 0.8953125 0.109375 0.115625
4 0.453125 0.7546875 0.153125 0.15625
4 0.4171875 0.434375 0.1546875 0.15
4 0.3625 0.3515625 0.13125 0.1265625
2 0.7265625 0.35 0.109375 0.1203125
2 0.6921875 0.1046875 0.046875 0.046875
2 0.5421875 0.165625 0.096875 0.1046875
2 0.4390625 0.18125 0.0265625 0.0265625
2 0.6625 0.45625 0.1140625 0.1015625
2 0.6984375 0.5890625 0.109375 0.13125
2 0.571875 0.6609375 0.0734375 0.0765625
2 0.5328125 0.5265625 0.0921875 0.1125
2 0.3640625 0.259375 0.0859375 0.0984375
2 0.334375 0.53125 0.109375 0.103125
2 0.2890625 0.8796875 0.08125 0.09375
2 0.43125 0.88125 0.1171875 0.1203125
3 0.315625 0.734375 0.1140625 0.1328125
3 0.6484375 0.7703125 0.109375 0.13125
1 0.384375 0.628125 0.1 0.09375
1 0.4890625 0.325 0.0984375 0.109375