2 0.5875 0.0875 0.1203125 0.134375
2 0.7484375 0.1359375 0.121875 0.121875
2 0.6203125 0.2390625 0.103125 0.103125
2 0.553125 0.3375 0.0859375 0.0859375
2 0.653125 0.3640625 0.078125 0.0828125
2 0.7296875 0.4859375 0.1125 0.115625
2 0.5703125 0.4453125 0.1125 0.10625
2 0.4703125 0.4859375 0.0953125 0.0921875
2 0.334375 0.440625 0.1015625 0.109375
2 0.4546875 0.3671875 0.1 0.103125
2 0.3453125 0.284375 0.1140625 0.1125
2 0.365625 0.778125 0.1046875 0.10625
2 0.48125 0.846875 0.0984375 0.1
2 0.5953125 0.88125 0.121875 0.13125
2 0.70625 0.809375 0.065625 0.065625
2 0.328125 0.8984375 0.1078125 0.103125
2 0.509375 0.59375 0.125 0.1265625
2 0.3046875 0.1046875 0.04375 0.040625
5 0.421875 0.14375 0.2046875 0.1734375
1 0.6546875 0.528125 0.06875 0.0734375