2 0.63125 0.1578125 0.121875 0.1296875
2 0.446875 0.328125 0.1171875 0.11875
2 0.3546875 0.2265625 0.0875 0.0890625
2 0.321875 0.3828125 0.1 0.1125
2 0.4234375 0.4609375 0.096875 0.1125
2 0.575 0.496875 0.1015625 0.1015625
2 0.5796875 0.6953125 0.0953125 0.1109375
2 0.6828125 0.8625 0.121875 0.13125
2 0.321875 0.815625 0.021875 0.034375
2 0.29375 0.615625 0.09375 0.1140625
2 0.43125 0.634375 0.128125 0.1234375
1 0.5171875 0.8546875 0.028125 0.021875
1 0.6734375 0.3421875 0.1171875 0.1046875
0 0.6984375 0.509375 0.0171875 0.021875