2 0.465625 0.0859375 0.115625 0.115625
2 0.6140625 0.1203125 0.1109375 0.1125
2 0.65 0.2921875 0.1125 0.1234375
2 0.653125 0.409375 0.1140625 0.10625
2 0.446875 0.3390625 0.1109375 0.10625
2 0.4875 0.196875 0.096875 0.1046875
2 0.309375 0.2234375 0.1234375 0.128125
2 0.45625 0.590625 0.0328125 0.0359375
2 0.2984375 0.6375 0.1203125 0.1140625
2 0.4125 0.721875 0.1 0.1125
2 0.5453125 0.734375 0.1359375 0.1328125
2 0.446875 0.8125 0.0515625 0.0609375
2 0.5078125 0.93125 0.0890625 0.09375
3 0.6203125 0.8796875 0.1109375 0.1234375
3 0.56875 0.5578125 0.1078125 0.115625
1 0.3328125 0.378125 0.1078125 0.1109375
1 0.490625 0.48125 0.1046875 0.1078125