2 0.34375 0.43125 0.096875 0.10625
1 0.340625 0.2921875 0.109375 0.121875
1 0.540625 0.8359375 0.10625 0.125
0 0.43125 0.93359375 0.13125 0.1328125
2 0.7265625 0.3921875 0.096875 0.1
1 0.646875 0.5578125 0.0953125 0.1140625
2 0.6828125 0.734375 0.096875 0.103125
2 0.315625 0.596875 0.1 0.1046875
2 0.4375 0.653125 0.1 0.10625
1 0.571875 0.6875 0.0890625 0.103125
2 0.56875 0.528125 0.0859375 0.0859375
1 0.45 0.35 0.0859375 0.09375
2 0.4734375 0.2375 0.103125 0.1078125
2 0.6046875 0.1765625 0.1 0.103125
2 0.353125 0.15625 0.1 0.103125
2 0.3875 0.78125 0.103125 0.109375
2 0.60625 0.403125 0.1078125 0.1109375
2 0.4703125 0.1203125 0.1109375 0.1140625
2 0.4453125 0.5390625 0.028125 0.0296875
2 0.6296875 0.296875 0.0859375 0.0890625
2 0.4828125 0.4265625 0.0265625 0.0265625