4 0.525 0.065625 0.1515625 0.13125
4 0.2953125 0.325 0.15625 0.1515625
4 0.584375 0.890625 0.153125 0.1515625
4 0.35 0.5703125 0.153125 0.1484375
2 0.6421875 0.378125 0.115625 0.1171875
1 0.425 0.346875 0.103125 0.128125
2 0.553125 0.4734375 0.1078125 0.1109375
2 0.5234375 0.6046875 0.1109375 0.1125
2 0.6546875 0.240625 0.096875 0.1015625
2 0.6984375 0.490625 0.0921875 0.0953125
2 0.403125 0.228125 0.1125 0.115625
2 0.3875 0.709375 0.103125 0.1109375
2 0.503125 0.2875 0.078125 0.08125
2 0.5515625 0.2109375 0.0921875 0.096875
2 0.63125 0.121875 0.0890625 0.0921875
2 0.315625 0.096875 0.084375 0.090625
1 0.65625 0.6234375 0.09375 0.103125
1 0.396875 0.46875 0.1 0.109375
1 0.2921875 0.934375 0.0921875 0.10625
0 0.4421875 0.859375 0.1203125 0.1328125