2 0.55625 0.3953125 0.1140625 0.1234375
2 0.6265625 0.2703125 0.1015625 0.1
2 0.7296875 0.25625 0.0984375 0.090625
2 0.55625 0.146875 0.040625 0.0484375
2 0.3359375 0.1203125 0.1078125 0.121875
2 0.315625 0.2359375 0.103125 0.0953125
2 0.4171875 0.6375 0.10625 0.1125
2 0.3953125 0.778125 0.125 0.1109375
2 0.284375 0.8625 0.0796875 0.0875
2 0.6296875 0.8125 0.1 0.103125
2 0.7171875 0.75625 0.0921875 0.1046875
2 0.7265625 0.9375 0.10625 0.10625
1 0.5625 0.8765625 0.096875 0.1015625
1 0.6109375 0.5125 0.05 0.046875
1 0.3625 0.4984375 0.1046875 0.1140625
1 0.4171875 0.3953125 0.1078125 0.1046875
1 0.4796875 0.2953125 0.1 0.0890625
1 0.4234375 0.2421875 0.1046875 0.10625
1 0.44375 0.121875 0.0921875 0.1046875
1 0.6328125 0.0796875 0.1015625 0.11875
3 0.575 0.6390625 0.115625 0.1203125
3 0.3796875 0.91875 0.1109375 0.1265625