1 0.271875 0.8203125 0.046875 0.05
2 0.54375 0.6859375 0.0703125 0.078125
2 0.4328125 0.35625 0.075 0.0734375
2 0.5984375 0.31875 0.0734375 0.075
2 0.7140625 0.7203125 0.0765625 0.078125
2 0.6421875 0.515625 0.078125 0.075
2 0.6203125 0.7609375 0.0765625 0.078125
2 0.3703125 0.7828125 0.0890625 0.0890625
2 0.6359375 0.6015625 0.0796875 0.08125
2 0.734375 0.5140625 0.06875 0.0671875
2 0.55625 0.2203125 0.0765625 0.0765625
2 0.7359375 0.615625 0.0859375 0.0875
2 0.4515625 0.6890625 0.078125 0.08125
2 0.2859375 0.209375 0.075 0.0765625
2 0.4921875 0.171875 0.0765625 0.0765625
2 0.496875 0.2890625 0.090625 0.0921875
2 0.3328125 0.3296875 0.0859375 0.0875
2 0.29375 0.5015625 0.0828125 0.08125
2 0.453125 0.8265625 0.0890625 0.0890625
2 0.3640625 0.9015625 0.08125 0.084375
2 0.5859375 0.1359375 0.0734375 0.075
2 0.409375 0.5203125 0.059375 0.059375
2 0.384375 0.09375 0.0875 0.0875
2 0.4953125 0.909375 0.078125 0.078125
2 0.4234375 0.6046875 0.0734375 0.075
2 0.6890625 0.3421875 0.053125 0.05625
2 0.6390625 0.2296875 0.0734375 0.0734375
2 0.265625 0.40625 0.0859375 0.0859375
2 0.271875 0.715625 0.0953125 0.0984375
2 0.6140625 0.8953125 0.075 0.075
2 0.5796875 0.0640625 0.075 0.075
2 0.521875 0.7625 0.06875 0.0703125
2 0.565625 0.95625 0.0734375 0.075
2 0.3546875 0.4390625 0.0703125 0.06875
2 0.5 0.496875 0.08125 0.08125
2 0.4765625 0.0640625 0.10625 0.109375
2 0.7 0.928125 0.075 0.0765625
2 0.7171875 0.1953125 0.08125 0.0828125
2 0.5171875 0.5984375 0.0796875 0.078125
2 0.2875 0.9578125 0.0890625 0.08125
2 0.675 0.096875 0.103125 0.1046875
2 0.271875 0.10625 0.103125 0.10625
2 0.5609375 0.834375 0.0265625 0.028125
2 0.603125 0.403125 0.084375 0.084375
2 0.7 0.4296875 0.0953125 0.0875
2 0.5203125 0.39375 0.0265625 0.01875
2 0.396875 0.2171875 0.0953125 0.1015625
2 0.4375 0.4390625 0.06875 0.0796875