2 0.5359375 0.115625 0.11875 0.1171875
2 0.65625 0.175 0.11875 0.1203125
2 0.35625 0.1265625 0.046875 0.04375
2 0.3125 0.365625 0.0953125 0.0890625
2 0.515625 0.3140625 0.1140625 0.1109375
2 0.5875 0.4359375 0.13125 0.1203125
2 0.45 0.4328125 0.03125 0.03125
2 0.34375 0.509375 0.121875 0.1328125
2 0.2796875 0.703125 0.1140625 0.121875
2 0.565625 0.665625 0.0765625 0.08125
2 0.7265625 0.81875 0.1 0.109375
2 0.4828125 0.9140625 0.125 0.11875
1 0.5390625 0.7609375 0.0796875 0.084375
1 0.640625 0.303125 0.0984375 0.11875
3 0.459375 0.5859375 0.10625 0.1125
3 0.575 0.5359375 0.103125 0.10625