2 0.5265625 0.3234375 0.096875 0.096875
1 0.315625 0.28125 0.1046875 0.1203125
1 0.45 0.334375 0.0921875 0.096875
0 0.4390625 0.9203125 0.125 0.1234375
2 0.653125 0.8984375 0.096875 0.1046875
2 0.48125 0.4296875 0.08125 0.084375
2 0.6984375 0.684375 0.0640625 0.0671875
2 0.709375 0.5421875 0.078125 0.08125
2 0.5734375 0.753125 0.065625 0.0703125
1 0.521875 0.6765625 0.0890625 0.0859375
2 0.38125 0.4703125 0.10625 0.10625
2 0.503125 0.0703125 0.1 0.1046875
2 0.478125 0.5546875 0.078125 0.0796875
2 0.321875 0.8796875 0.1015625 0.1078125
2 0.2984375 0.5734375 0.0234375 0.0234375
2 0.4890625 0.196875 0.096875 0.1015625
2 0.7171875 0.4046875 0.0140625 0.0140625