2 0.4109375 0.1234375 0.1140625 0.11875
2 0.378125 0.2453125 0.09375 0.1
2 0.39375 0.4296875 0.109375 0.11875
2 0.2625 0.4484375 0.09375 0.1046875
2 0.31875 0.6171875 0.1015625 0.1125
2 0.440625 0.678125 0.1015625 0.103125
2 0.534375 0.709375 0.0890625 0.0890625
2 0.5078125 0.909375 0.0765625 0.0796875
2 0.3125 0.934375 0.0546875 0.0578125
2 0.6734375 0.55625 0.10625 0.103125
2 0.5484375 0.5109375 0.0828125 0.09375
2 0.7046875 0.3703125 0.1171875 0.1203125
2 0.5375 0.35625 0.0421875 0.03125
2 0.58125 0.2484375 0.090625 0.103125
2 0.6546875 0.1421875 0.1125 0.1203125
2 0.546875 0.0578125 0.0828125 0.075
2 0.678125 0.234375 0.0765625 0.0796875
1 0.6234375 0.775 0.103125 0.1140625
1 0.471875 0.7765625 0.09375 0.1
1 0.6234375 0.8875 0.1046875 0.1046875