4 0.475 0.065625 0.1515625 0.13125
4 0.7046875 0.325 0.15625 0.1515625
4 0.415625 0.890625 0.153125 0.1515625
4 0.65 0.5703125 0.153125 0.1484375
2 0.3578125 0.378125 0.115625 0.1171875
1 0.575 0.346875 0.103125 0.128125
2 0.446875 0.4734375 0.1078125 0.1109375
2 0.4765625 0.6046875 0.1109375 0.1125
2 0.3453125 0.240625 0.096875 0.1015625
2 0.3015625 0.490625 0.0921875 0.0953125
2 0.596875 0.228125 0.1125 0.115625
2 0.6125 0.709375 0.103125 0.1109375
2 0.496875 0.2875 0.078125 0.08125
2 0.4484375 0.2109375 0.0921875 0.096875
2 0.36875 0.121875 0.0890625 0.0921875
2 0.684375 0.096875 0.084375 0.090625
1 0.34375 0.6234375 0.09375 0.103125
1 0.603125 0.46875 0.1 0.109375
1 0.7078125 0.934375 0.0921875 0.10625
0 0.5578125 0.859375 0.1203125 0.1328125