2 0.6734375 0.0984375 0.121875 0.1265625
2 0.5 0.24375 0.03125 0.046875
2 0.453125 0.3484375 0.1109375 0.1203125
2 0.346875 0.115625 0.1125 0.1203125
2 0.3390625 0.2390625 0.0453125 0.05625
2 0.571875 0.3328125 0.0890625 0.1046875
2 0.7046875 0.58125 0.1 0.1078125
2 0.721875 0.71875 0.10625 0.1171875
2 0.625 0.6640625 0.065625 0.08125
2 0.525 0.74375 0.09375 0.103125
2 0.3984375 0.8140625 0.1171875 0.1234375
2 0.590625 0.503125 0.034375 0.046875
1 0.6625 0.3828125 0.103125 0.1015625
1 0.5296875 0.43125 0.0984375 0.0953125
5 0.3140625 0.540625 0.2515625 0.2203125