0 0.4609375 0.3265625 0.096875 0.096875
2 0.5546875 0.078125 0.053125 0.0546875
1 0.4609375 0.9453125 0.09375 0.1015625
2 0.7046875 0.3546875 0.090625 0.096875
2 0.559375 0.3671875 0.0859375 0.0890625
2 0.3890625 0.559375 0.08125 0.0859375
2 0.63125 0.2671875 0.0875 0.0890625
2 0.371875 0.3640625 0.078125 0.08125
2 0.296875 0.6578125 0.08125 0.0859375
2 0.653125 0.5671875 0.0796875 0.08125
2 0.7453125 0.540625 0.0734375 0.0765625
2 0.49375 0.6640625 0.0859375 0.0875
2 0.3625 0.1703125 0.0859375 0.0859375
2 0.44375 0.2265625 0.0859375 0.0859375
2 0.5796875 0.7078125 0.078125 0.0828125
2 0.2625 0.4 0.0703125 0.0734375
2 0.2703125 0.209375 0.078125 0.0796875
2 0.6953125 0.6671875 0.0734375 0.078125
2 0.6890625 0.1921875 0.075 0.0796875
2 0.290625 0.5703125 0.0765625 0.0796875
2 0.7390625 0.803125 0.08125 0.08125
2 0.4421875 0.1125 0.09375 0.0921875
2 0.659375 0.0859375 0.0734375 0.075
2 0.4359375 0.7546875 0.0796875 0.084375
2 0.7296875 0.2625 0.065625 0.06875
2 0.575 0.596875 0.0703125 0.075
2 0.3328125 0.7546875 0.0859375 0.0921875
2 0.4875 0.4015625 0.0671875 0.0671875
2 0.2625 0.8296875 0.08125 0.084375
2 0.5203125 0.190625 0.0734375 0.075
2 0.2765625 0.928125 0.0921875 0.096875
2 0.2703125 0.3125 0.0671875 0.0703125
2 0.6671875 0.759375 0.0703125 0.071875
2 0.528125 0.7953125 0.08125 0.08125
2 0.3515625 0.071875 0.0875 0.0890625
2 0.725 0.8921875 0.0734375 0.075
2 0.6046875 0.1796875 0.059375 0.0609375
2 0.56875 0.4984375 0.05625 0.0578125
2 0.7328125 0.04375 0.0703125 0.0734375
2 0.35 0.275 0.0796875 0.0828125
2 0.3484375 0.865625 0.0703125 0.0703125
2 0.353125 0.4453125 0.0578125 0.059375
2 0.6265625 0.85625 0.084375 0.096875
2 0.3671875 0.959375 0.075 0.078125
2 0.525 0.2765625 0.040625 0.0453125
2 0.4984375 0.875 0.06875 0.0703125
2 0.4234375 0.4609375 0.0734375 0.075
2 0.659375 0.46875 0.084375 0.0859375
2 0.4140625 0.8421875 0.0671875 0.071875
2 0.2890625 0.490625 0.0796875 0.078125
2 0.2625 0.09375 0.0796875 0.0796875