2 0.73125 0.24375 0.109375 0.1140625
2 0.66875 0.3484375 0.09375 0.0921875
2 0.5296875 0.396875 0.1265625 0.1265625
2 0.4265625 0.146875 0.096875 0.1171875
2 0.3015625 0.2265625 0.096875 0.09375
2 0.5078125 0.2171875 0.1046875 0.1078125
2 0.4875 0.5734375 0.071875 0.059375
2 0.7296875 0.6265625 0.0953125 0.0984375
2 0.6765625 0.721875 0.0609375 0.05625
2 0.740625 0.859375 0.0984375 0.1046875
2 0.3484375 0.6484375 0.1125 0.10625
2 0.5625 0.6796875 0.121875 0.1171875
0 0.546875 0.1046875 0.13125 0.1265625
5 0.325 0.4546875 0.2328125 0.2203125
1 0.3625 0.7359375 0.1015625 0.1046875
1 0.6046875 0.5859375 0.096875 0.1
1 0.521875 0.7875 0.1171875 0.1203125
1 0.4171875 0.9109375 0.090625 0.096875