3 0.4265625 0.6515625 0.1078125 0.1140625
3 0.603125 0.925 0.1140625 0.125
2 0.6625 0.1125 0.0984375 0.1015625
2 0.4390625 0.1453125 0.1015625 0.1015625
2 0.3765625 0.259375 0.0609375 0.0703125
2 0.2671875 0.25 0.0828125 0.0921875
2 0.4796875 0.41875 0.1 0.10625
2 0.3171875 0.453125 0.125 0.1203125
2 0.4171875 0.540625 0.0984375 0.096875
2 0.325 0.634375 0.0890625 0.1109375
2 0.275 0.7484375 0.1 0.09375
2 0.36875 0.8078125 0.0953125 0.096875
2 0.271875 0.93125 0.1 0.103125
2 0.465625 0.78125 0.109375 0.09375
2 0.5328125 0.859375 0.1109375 0.109375
2 0.6078125 0.7765625 0.10625 0.1125
2 0.578125 0.6390625 0.1078125 0.1046875
2 0.703125 0.59375 0.11875 0.1125
2 0.68125 0.234375 0.090625 0.10625
1 0.5375 0.115625 0.0984375 0.1125
1 0.4109375 0.8765625 0.103125 0.1078125
1 0.6421875 0.4921875 0.10625 0.1125
1 0.596875 0.40625 0.1109375 0.10625
1 0.5890625 0.240625 0.1 0.1171875
1 0.4703125 0.0484375 0.0953125 0.096875
1 0.365625 0.0859375 0.096875 0.1078125