0 0.5515625 0.09375 0.0640625 0.0640625
2 0.396875 0.30625 0.1140625 0.10625
2 0.2953125 0.196875 0.046875 0.0421875
2 0.559375 0.4 0.015625 0.0203125
2 0.703125 0.4484375 0.121875 0.1265625
2 0.6296875 0.5578125 0.084375 0.0703125
2 0.5609375 0.675 0.1078125 0.125
2 0.45 0.6859375 0.0921875 0.1015625
2 0.4875 0.5515625 0.1078125 0.121875
1 0.6171875 0.20625 0.1234375 0.121875
1 0.7234375 0.915625 0.1109375 0.1109375
1 0.5234375 0.7765625 0.0828125 0.071875
1 0.3625 0.7390625 0.0703125 0.0546875
1 0.36875 0.6265625 0.1015625 0.090625
5 0.3390625 0.4640625 0.2453125 0.2140625