5 0.3328125 0.503125 0.2 0.178125
2 0.4609375 0.1453125 0.1078125 0.1125
2 0.55625 0.1 0.08125 0.103125
2 0.653125 0.121875 0.1015625 0.115625
2 0.2671875 0.30625 0.090625 0.0890625
2 0.553125 0.453125 0.0484375 0.05
2 0.4796875 0.559375 0.0953125 0.0984375
2 0.6890625 0.4578125 0.0359375 0.046875
2 0.60625 0.621875 0.09375 0.1
2 0.4875 0.665625 0.0734375 0.06875
2 0.275 0.7171875 0.071875 0.075
2 0.3046875 0.84375 0.103125 0.1078125
2 0.4140625 0.9375 0.0984375 0.10625
2 0.5484375 0.865625 0.1046875 0.103125
2 0.534375 0.7609375 0.0921875 0.0859375
1 0.6375 0.91875 0.1046875 0.10625
1 0.6046875 0.246875 0.096875 0.121875
1 0.45625 0.3265625 0.1015625 0.0984375
1 0.7171875 0.2453125 0.1046875 0.103125
3 0.659375 0.6984375 0.103125 0.1
3 0.3015625 0.215625 0.1046875 0.103125
2 0.490625 0.2515625 0.0234375 0.0265625
0 0.3765625 0.7 0.115625 0.109375