0 0.7 0.509375 0.1375 0.134375
2 0.46875 0.09375 0.140625 0.128125
2 0.61875 0.171875 0.0234375 0.0296875
2 0.35625 0.2359375 0.1046875 0.109375
2 0.4328125 0.3234375 0.071875 0.0765625
2 0.5671875 0.34375 0.0921875 0.096875
2 0.5609375 0.5015625 0.10625 0.10625
2 0.4046875 0.4734375 0.0734375 0.075
2 0.353125 0.65 0.0984375 0.1171875
2 0.384375 0.7703125 0.121875 0.115625
2 0.659375 0.8734375 0.0515625 0.0390625
2 0.284375 0.3875 0.034375 0.034375
1 0.6515625 0.3171875 0.0953125 0.1015625
1 0.5203125 0.865625 0.1 0.128125
1 0.75625 0.6328125 0.11875 0.1203125