1 0.2734375 0.8296875 0.103125 0.1109375
1 0.28125 0.184375 0.096875 0.090625
3 0.540625 0.2921875 0.1125 0.1203125
3 0.44375 0.2203125 0.1109375 0.115625
2 0.5765625 0.1546875 0.115625 0.109375
2 0.5171875 0.4265625 0.096875 0.1
2 0.69375 0.125 0.0875 0.10625
2 0.378125 0.290625 0.084375 0.084375
2 0.3359375 0.378125 0.0859375 0.0859375
2 0.384375 0.74375 0.103125 0.1078125
2 0.325 0.63125 0.0890625 0.09375
2 0.6296875 0.2609375 0.09375 0.0984375
2 0.59375 0.4703125 0.078125 0.078125
2 0.2734375 0.2921875 0.0984375 0.1
2 0.65 0.5578125 0.0984375 0.0984375
2 0.4953125 0.7375 0.0671875 0.0703125
2 0.653125 0.384375 0.1 0.1
2 0.446875 0.6015625 0.1 0.1015625
2 0.3546875 0.4859375 0.096875 0.1
2 0.6828125 0.9125 0.0859375 0.0890625
2 0.5703125 0.88125 0.1015625 0.1046875
2 0.4578125 0.8328125 0.0375 0.0421875
2 0.3984375 0.9125 0.0375 0.0375