1 0.6546875 0.3875 0.115625 0.115625
1 0.34375 0.5359375 0.09375 0.0984375
2 0.528125 0.078125 0.0625 0.071875
2 0.371875 0.109375 0.065625 0.065625
2 0.5015625 0.2625 0.08125 0.0984375
2 0.45625 0.3609375 0.0890625 0.096875
2 0.53125 0.48125 0.1015625 0.0875
2 0.7203125 0.55 0.096875 0.1140625
2 0.6140625 0.553125 0.0859375 0.090625
2 0.696875 0.74375 0.078125 0.0796875
2 0.7140625 0.8515625 0.0828125 0.09375
2 0.6875 0.95546875 0.09375 0.0890625
2 0.540625 0.8453125 0.0953125 0.1015625
2 0.5390625 0.953125 0.1125 0.0875
2 0.353125 0.809375 0.0890625 0.0921875
2 0.4546875 0.7296875 0.0625 0.078125
2 0.5234375 0.6140625 0.0984375 0.115625
2 0.3765625 0.65 0.096875 0.0828125
2 0.271875 0.6234375 0.0765625 0.09375
3 0.4390625 0.55625 0.103125 0.1109375
3 0.396875 0.896875 0.11875 0.109375