1 0.584375 0.6828125 0.1 0.115625
2 0.4625 0.715625 0.0953125 0.1
0 0.35 0.7515625 0.1078125 0.1078125
2 0.55 0.2421875 0.1046875 0.1109375
2 0.471875 0.36875 0.096875 0.1
2 0.4125 0.259375 0.103125 0.1046875
2 0.6484375 0.3796875 0.084375 0.0890625
2 0.28125 0.8390625 0.0984375 0.103125
2 0.6890625 0.5046875 0.08125 0.08125
1 0.59375 0.8046875 0.0859375 0.09375
2 0.5453125 0.9125 0.09375 0.1
2 0.3453125 0.5734375 0.1140625 0.11875
2 0.4953125 0.134375 0.103125 0.10625
2 0.6359375 0.0671875 0.0140625 0.015625