2 0.58125 0.09375 0.084375 0.0828125
0 0.4640625 0.3234375 0.096875 0.090625
1 0.6546875 0.55 0.10625 0.1125
1 0.475 0.9421875 0.09375 0.1
2 0.625 0.2796875 0.075 0.075
2 0.46875 0.109375 0.096875 0.096875
2 0.69375 0.16875 0.09375 0.0953125
2 0.7359375 0.059375 0.090625 0.096875
2 0.3890625 0.0453125 0.084375 0.0875
2 0.4453125 0.2234375 0.0859375 0.0875
2 0.3625 0.1625 0.0828125 0.0828125
2 0.728125 0.2875 0.0703125 0.075
2 0.353125 0.2640625 0.075 0.078125
2 0.553125 0.3625 0.0890625 0.0890625
2 0.3765625 0.753125 0.1 0.103125
2 0.7015625 0.3734375 0.0765625 0.0765625
2 0.303125 0.090625 0.0734375 0.0796875
2 0.2703125 0.821875 0.0859375 0.0890625
2 0.271875 0.6453125 0.090625 0.096875
2 0.5421875 0.7703125 0.1 0.1
2 0.71875 0.840625 0.0703125 0.0703125
2 0.353125 0.5703125 0.0734375 0.075
2 0.2796875 0.34375 0.0921875 0.09375
2 0.6203125 0.8328125 0.08125 0.0828125
2 0.3734375 0.459375 0.08125 0.0828125
2 0.6578125 0.4515625 0.0828125 0.0796875
2 0.7453125 0.621875 0.078125 0.08125
2 0.73125 0.7671875 0.0671875 0.06875
2 0.4859375 0.66875 0.0921875 0.09375
2 0.73125 0.9328125 0.0828125 0.0859375
2 0.2796875 0.4640625 0.096875 0.096875
2 0.73125 0.5203125 0.078125 0.078125
2 0.5625 0.459375 0.065625 0.0671875
2 0.415625 0.8703125 0.0828125 0.084375
2 0.5796875 0.6140625 0.0671875 0.0671875
2 0.30625 0.9265625 0.0953125 0.1
2 0.4671875 0.459375 0.075 0.071875
2 0.3546875 0.359375 0.0671875 0.0671875
2 0.496875 0.871875 0.075 0.075
2 0.50625 0.5578125 0.0953125 0.0828125
2 0.5703125 0.9328125 0.1078125 0.1109375
2 0.6109375 0.6953125 0.0421875 0.0453125
2 0.56875 0.2 0.0234375 0.025