2 0.678125 0.140625 0.121875 0.1234375
2 0.7296875 0.284375 0.0453125 0.046875
2 0.525 0.109375 0.1078125 0.11875
2 0.425 0.15 0.096875 0.103125
2 0.3109375 0.1125 0.0890625 0.1125
2 0.3578125 0.3984375 0.1296875 0.128125
2 0.503125 0.428125 0.10625 0.0875
2 0.5578125 0.34375 0.08125 0.1078125
2 0.6546875 0.49375 0.1296875 0.121875
2 0.6765625 0.63125 0.0984375 0.1046875
2 0.35 0.5515625 0.0984375 0.103125
2 0.484375 0.575 0.0234375 0.0375
2 0.4234375 0.6796875 0.0828125 0.103125
2 0.4765625 0.7796875 0.1125 0.1203125
2 0.5703125 0.8796875 0.109375 0.115625
2 0.3234375 0.9 0.09375 0.096875
2 0.290625 0.7859375 0.103125 0.1171875
1 0.728125 0.8265625 0.0453125 0.040625
3 0.4578125 0.2890625 0.0765625 0.0859375
3 0.55625 0.2078125 0.0859375 0.075
2 0.4015625 0.471875 0.0921875 0.0875