2 0.328125 0.328125 0.0828125 0.0984375
2 0.2953125 0.4171875 0.0640625 0.06875
2 0.671875 0.1234375 0.096875 0.0921875
2 0.390625 0.1265625 0.0796875 0.0828125
2 0.5140625 0.353125 0.1046875 0.109375
2 0.64375 0.3765625 0.1203125 0.115625
2 0.6953125 0.5125 0.1015625 0.0953125
2 0.540625 0.46875 0.0609375 0.075
2 0.4671875 0.575 0.0984375 0.11875
3 0.3203125 0.7625 0.1140625 0.1203125
3 0.696875 0.91875 0.1046875 0.10625
1 0.659375 0.721875 0.1015625 0.1046875
1 0.49375 0.7734375 0.1 0.1046875
1 0.634375 0.84375 0.090625 0.084375
1 0.425 0.4484375 0.1015625 0.10625
4 0.703125 0.24375 0.153125 0.1515625
4 0.496875 0.0625 0.1609375 0.1234375
4 0.359375 0.5421875 0.1359375 0.1328125
4 0.571875 0.5984375 0.134375 0.1359375