2 0.5375 0.0546875 0.128125 0.109375
2 0.328125 0.0984375 0.1125 0.1140625
2 0.2765625 0.29375 0.0578125 0.0609375
2 0.3765625 0.296875 0.1125 0.1
2 0.6265625 0.2640625 0.1109375 0.1078125
2 0.475 0.44375 0.1078125 0.1046875
2 0.3671875 0.49375 0.10625 0.115625
2 0.340625 0.3859375 0.096875 0.096875
2 0.64375 0.4234375 0.0484375 0.0515625
2 0.66875 0.5546875 0.0265625 0.03125
2 0.45625 0.6046875 0.1015625 0.11875
2 0.390625 0.7453125 0.1015625 0.1234375
2 0.4921875 0.7421875 0.0984375 0.0921875
2 0.628125 0.740625 0.1296875 0.121875
2 0.58125 0.890625 0.121875 0.1234375
2 0.4640625 0.83125 0.1046875 0.1078125
2 0.3890625 0.93125 0.1015625 0.1046875
1 0.265625 0.6515625 0.0875 0.0859375
1 0.278125 0.1890625 0.0953125 0.1
1 0.553125 0.5796875 0.0984375 0.1046875
1 0.2765625 0.8296875 0.1046875 0.11875