1 0.284375 0.14375 0.1140625 0.1125
0 0.4515625 0.8578125 0.1234375 0.1203125
2 0.2484375 0.7203125 0.1109375 0.115625
1 0.6046875 0.36875 0.10625 0.11875
1 0.409375 0.3484375 0.09375 0.1109375
2 0.571875 0.6078125 0.0859375 0.0890625
1 0.4015625 0.46875 0.0921875 0.1078125
1 0.653125 0.6234375 0.0875 0.1
2 0.490625 0.271875 0.08125 0.084375
2 0.4734375 0.16875 0.1015625 0.103125
2 0.403125 0.6640625 0.0453125 0.0484375
2 0.503125 0.5109375 0.10625 0.1046875
1 0.5 0.753125 0.0890625 0.1015625
1 0.3046875 0.921875 0.0921875 0.1078125
2 0.6296875 0.4890625 0.0921875 0.096875
2 0.6875 0.809375 0.103125 0.1125
1 0.5796875 0.3328125 0.0484375 0.0375