3 0.5734375 0.6515625 0.1078125 0.1140625
3 0.396875 0.925 0.1140625 0.125
2 0.3375 0.1125 0.0984375 0.1015625
2 0.5609375 0.1453125 0.1015625 0.1015625
2 0.6234375 0.259375 0.0609375 0.0703125
2 0.7328125 0.25 0.0828125 0.0921875
2 0.5203125 0.41875 0.1 0.10625
2 0.6828125 0.453125 0.125 0.1203125
2 0.5828125 0.540625 0.0984375 0.096875
2 0.675 0.634375 0.0890625 0.1109375
2 0.725 0.7484375 0.1 0.09375
2 0.63125 0.8078125 0.0953125 0.096875
2 0.728125 0.93125 0.1 0.103125
2 0.534375 0.78125 0.109375 0.09375
2 0.4671875 0.859375 0.1109375 0.109375
2 0.3921875 0.7765625 0.10625 0.1125
2 0.421875 0.6390625 0.1078125 0.1046875
2 0.296875 0.59375 0.11875 0.1125
2 0.31875 0.234375 0.090625 0.10625
1 0.4625 0.115625 0.0984375 0.1125
1 0.5890625 0.8765625 0.103125 0.1078125
1 0.3578125 0.4921875 0.10625 0.1125
1 0.403125 0.40625 0.1109375 0.10625
1 0.4109375 0.240625 0.1 0.1171875
1 0.5296875 0.0484375 0.0953125 0.096875
1 0.634375 0.0859375 0.096875 0.1078125