3 0.3234375 0.7375 0.1171875 0.121875
3 0.646875 0.7671875 0.10625 0.11875
2 0.44375 0.1875 0.1140625 0.1046875
2 0.7046875 0.1203125 0.109375 0.1140625
2 0.3609375 0.2609375 0.084375 0.09375
2 0.565625 0.3953125 0.103125 0.1078125
2 0.6515625 0.4453125 0.0953125 0.078125
2 0.5265625 0.53125 0.0296875 0.04375
2 0.5625 0.6640625 0.096875 0.1171875
2 0.29375 0.8921875 0.128125 0.103125
1 0.7265625 0.9 0.1140625 0.11875
1 0.375 0.634375 0.1 0.0984375
1 0.4875 0.3234375 0.0484375 0.0484375
1 0.6140625 0.2015625 0.034375 0.0265625
5 0.321875 0.4484375 0.0703125 0.06875