2 0.471875 0.078125 0.1 0.0984375
2 0.3515625 0.4515625 0.028125 0.0296875
2 0.4953125 0.1984375 0.103125 0.109375
1 0.5015625 0.690625 0.1 0.0984375
0 0.44453125 0.93359375 0.1234375 0.1328125
1 0.61875 0.4046875 0.1 0.1140625
2 0.6765625 0.271875 0.103125 0.1078125
2 0.559375 0.575 0.096875 0.1
2 0.615625 0.7296875 0.109375 0.1140625
2 0.675 0.925 0.11875 0.128125
2 0.6890625 0.5015625 0.1015625 0.103125
2 0.53125 0.3109375 0.090625 0.0953125
2 0.71875 0.384375 0.1 0.103125
2 0.4265625 0.5953125 0.096875 0.103125
2 0.4453125 0.7859375 0.103125 0.1078125