1 0.7328125 0.7 0.1015625 0.1
2 0.634375 0.7546875 0.071875 0.078125
1 0.5890625 0.4578125 0.0859375 0.0890625
1 0.4921875 0.484375 0.0953125 0.1171875
2 0.2671875 0.09375 0.021875 0.01875
2 0.5578125 0.7734375 0.0703125 0.0703125
2 0.4671875 0.728125 0.08125 0.084375
2 0.6984375 0.8125 0.0859375 0.0890625
2 0.4625 0.825 0.0890625 0.090625
2 0.359375 0.790625 0.0890625 0.0921875
2 0.5515625 0.68125 0.078125 0.08125
2 0.275 0.734375 0.0703125 0.075
2 0.365625 0.6859375 0.0703125 0.071875
2 0.54375 0.8453125 0.0703125 0.0734375
2 0.30625 0.621875 0.075 0.078125
2 0.6390625 0.596875 0.071875 0.071875
2 0.290625 0.859375 0.0765625 0.0796875
2 0.596875 0.315625 0.0625 0.0640625
2 0.4203125 0.59375 0.0859375 0.0875
2 0.65625 0.5140625 0.075 0.075
2 0.6953125 0.3328125 0.075 0.0765625
2 0.734375 0.46875 0.06875 0.071875
2 0.6125 0.903125 0.096875 0.0984375
2 0.3078125 0.515625 0.078125 0.0796875
2 0.6125 0.4 0.0671875 0.0609375
2 0.55625 0.221875 0.0640625 0.0640625
2 0.5 0.91875 0.0828125 0.0859375
2 0.6390625 0.23125 0.053125 0.0546875
2 0.4 0.5078125 0.0671875 0.0671875
2 0.7203125 0.5859375 0.05 0.053125
2 0.5484375 0.5734375 0.0515625 0.0546875
2 0.509375 0.3890625 0.08125 0.0765625
2 0.2796875 0.415625 0.0671875 0.0703125
2 0.3765625 0.9296875 0.0703125 0.071875
2 0.4859375 0.171875 0.065625 0.0671875
2 0.7140625 0.94375 0.0875 0.0890625
2 0.646875 0.1359375 0.053125 0.0546875
2 0.725 0.2203125 0.0890625 0.0890625
2 0.275 0.946875 0.0703125 0.071875
2 0.2875 0.2328125 0.0640625 0.0671875
2 0.3734375 0.096875 0.0625 0.065625
2 0.70625 0.04375 0.075 0.078125
2 0.4796875 0.0625 0.0421875 0.0421875
2 0.5859375 0.0546875 0.0234375 0.0265625
2 0.4828125 0.2703125 0.0234375 0.0265625
0 0.3828125 0.2015625 0.1171875 0.1