0 0.5390625 0.3265625 0.096875 0.096875
2 0.4453125 0.078125 0.053125 0.0546875
1 0.5390625 0.9453125 0.09375 0.1015625
2 0.2953125 0.3546875 0.090625 0.096875
2 0.440625 0.3671875 0.0859375 0.0890625
2 0.6109375 0.559375 0.08125 0.0859375
2 0.36875 0.2671875 0.0875 0.0890625
2 0.628125 0.3640625 0.078125 0.08125
2 0.703125 0.6578125 0.08125 0.0859375
2 0.346875 0.5671875 0.0796875 0.08125
2 0.2546875 0.540625 0.0734375 0.0765625
2 0.50625 0.6640625 0.0859375 0.0875
2 0.6375 0.1703125 0.0859375 0.0859375
2 0.55625 0.2265625 0.0859375 0.0859375
2 0.4203125 0.7078125 0.078125 0.0828125
2 0.7375 0.4 0.0703125 0.0734375
2 0.7296875 0.209375 0.078125 0.0796875
2 0.3046875 0.6671875 0.0734375 0.078125
2 0.3109375 0.1921875 0.075 0.0796875
2 0.709375 0.5703125 0.0765625 0.0796875
2 0.2609375 0.803125 0.08125 0.08125
2 0.5578125 0.1125 0.09375 0.0921875
2 0.340625 0.0859375 0.0734375 0.075
2 0.5640625 0.7546875 0.0796875 0.084375
2 0.2703125 0.2625 0.065625 0.06875
2 0.425 0.596875 0.0703125 0.075
2 0.6671875 0.7546875 0.0859375 0.0921875
2 0.5125 0.4015625 0.0671875 0.0671875
2 0.7375 0.8296875 0.08125 0.084375
2 0.4796875 0.190625 0.0734375 0.075
2 0.7234375 0.928125 0.0921875 0.096875
2 0.7296875 0.3125 0.0671875 0.0703125
2 0.3328125 0.759375 0.0703125 0.071875
2 0.471875 0.7953125 0.08125 0.08125
2 0.6484375 0.071875 0.0875 0.0890625
2 0.275 0.8921875 0.0734375 0.075
2 0.3953125 0.1796875 0.059375 0.0609375
2 0.43125 0.4984375 0.05625 0.0578125
2 0.2671875 0.04375 0.0703125 0.0734375
2 0.65 0.275 0.0796875 0.0828125
2 0.6515625 0.865625 0.0703125 0.0703125
2 0.646875 0.4453125 0.0578125 0.059375
2 0.3734375 0.85625 0.084375 0.096875
2 0.6328125 0.959375 0.075 0.078125
2 0.475 0.2765625 0.040625 0.0453125
2 0.5015625 0.875 0.06875 0.0703125
2 0.5765625 0.4609375 0.0734375 0.075
2 0.340625 0.46875 0.084375 0.0859375
2 0.5859375 0.8421875 0.0671875 0.071875
2 0.7109375 0.490625 0.0796875 0.078125
2 0.7375 0.09375 0.0796875 0.0796875