1 0.2671875 0.7 0.1015625 0.1
2 0.365625 0.7546875 0.071875 0.078125
1 0.4109375 0.4578125 0.0859375 0.0890625
1 0.5078125 0.484375 0.0953125 0.1171875
2 0.7328125 0.09375 0.021875 0.01875
2 0.4421875 0.7734375 0.0703125 0.0703125
2 0.5328125 0.728125 0.08125 0.084375
2 0.3015625 0.8125 0.0859375 0.0890625
2 0.5375 0.825 0.0890625 0.090625
2 0.640625 0.790625 0.0890625 0.0921875
2 0.4484375 0.68125 0.078125 0.08125
2 0.725 0.734375 0.0703125 0.075
2 0.634375 0.6859375 0.0703125 0.071875
2 0.45625 0.8453125 0.0703125 0.0734375
2 0.69375 0.621875 0.075 0.078125
2 0.3609375 0.596875 0.071875 0.071875
2 0.709375 0.859375 0.0765625 0.0796875
2 0.403125 0.315625 0.0625 0.0640625
2 0.5796875 0.59375 0.0859375 0.0875
2 0.34375 0.5140625 0.075 0.075
2 0.3046875 0.3328125 0.075 0.0765625
2 0.265625 0.46875 0.06875 0.071875
2 0.3875 0.903125 0.096875 0.0984375
2 0.6921875 0.515625 0.078125 0.0796875
2 0.3875 0.4 0.0671875 0.0609375
2 0.44375 0.221875 0.0640625 0.0640625
2 0.5 0.91875 0.0828125 0.0859375
2 0.3609375 0.23125 0.053125 0.0546875
2 0.6 0.5078125 0.0671875 0.0671875
2 0.2796875 0.5859375 0.05 0.053125
2 0.4515625 0.5734375 0.0515625 0.0546875
2 0.490625 0.3890625 0.08125 0.0765625
2 0.7203125 0.415625 0.0671875 0.0703125
2 0.6234375 0.9296875 0.0703125 0.071875
2 0.5140625 0.171875 0.065625 0.0671875
2 0.2859375 0.94375 0.0875 0.0890625
2 0.353125 0.1359375 0.053125 0.0546875
2 0.275 0.2203125 0.0890625 0.0890625
2 0.725 0.946875 0.0703125 0.071875
2 0.7125 0.2328125 0.0640625 0.0671875
2 0.6265625 0.096875 0.0625 0.065625
2 0.29375 0.04375 0.075 0.078125
2 0.5203125 0.0625 0.0421875 0.0421875
2 0.4140625 0.0546875 0.0234375 0.0265625
2 0.5171875 0.2703125 0.0234375 0.0265625
0 0.6171875 0.2015625 0.1171875 0.1