1 0.7390625 0.6375 0.1125 0.1203125
1 0.525 0.8609375 0.10625 0.121875
2 0.584375 0.76875 0.0859375 0.090625
2 0.5609375 0.596875 0.1109375 0.1140625
2 0.403125 0.478125 0.1109375 0.1078125
2 0.5484375 0.371875 0.08125 0.0859375
1 0.6703125 0.334375 0.0796875 0.0828125
2 0.478125 0.1890625 0.10625 0.1109375
2 0.428125 0.3359375 0.1078125 0.1125
2 0.3265625 0.196875 0.109375 0.1140625
2 0.6515625 0.21875 0.1 0.103125
2 0.2859375 0.40625 0.1109375 0.1140625
2 0.3953125 0.659375 0.0453125 0.05
0 0.6921875 0.51875 0.1375 0.1265625