0 0.5546875 0.0953125 0.1203125 0.121875
2 0.7359375 0.2390625 0.1125 0.1109375
2 0.640625 0.4453125 0.1 0.10625
2 0.528125 0.3796875 0.0359375 0.046875
2 0.5109375 0.2578125 0.0984375 0.1
2 0.48125 0.5625 0.0984375 0.10625
2 0.565625 0.675 0.05625 0.059375
2 0.6109375 0.8125 0.1015625 0.1
2 0.4515625 0.659375 0.09375 0.090625
2 0.35 0.6484375 0.1078125 0.10625
1 0.359375 0.7359375 0.096875 0.1046875
1 0.50625 0.7921875 0.1171875 0.125
1 0.3984375 0.9234375 0.09375 0.0953125
1 0.6171875 0.2015625 0.1140625 0.1265625
5 0.33125 0.4484375 0.246875 0.2140625
1 0.6078125 0.5765625 0.0984375 0.1