2 0.628125 0.125 0.103125 0.103125
1 0.5828125 0.45 0.109375 0.11875
1 0.5015625 0.7765625 0.1046875 0.1046875
1 0.371875 0.8484375 0.1046875 0.096875
3 0.6953125 0.76875 0.1171875 0.121875
3 0.309375 0.9203125 0.1203125 0.125
0 0.434375 0.9234375 0.11875 0.11875
2 0.334375 0.0859375 0.0875 0.1125
2 0.534375 0.225 0.1 0.103125
2 0.41875 0.246875 0.1015625 0.1078125
2 0.3390625 0.4 0.1015625 0.1046875
2 0.415625 0.6125 0.06875 0.071875
2 0.3125 0.6703125 0.0875 0.0921875
2 0.515625 0.3515625 0.109375 0.1140625
2 0.6015625 0.6859375 0.0984375 0.103125
2 0.4546875 0.484375 0.1046875 0.1078125
2 0.3140625 0.5078125 0.0671875 0.06875
2 0.59375 0.9125 0.1109375 0.11875
2 0.7328125 0.934375 0.10625 0.1125
2 0.540625 0.56875 0.0375 0.0390625