0 0.440625 0.9171875 0.03125 0.040625
1 0.51875 0.6734375 0.0921875 0.0953125
1 0.6328125 0.4109375 0.1046875 0.1109375
2 0.378125 0.146875 0.0953125 0.103125
2 0.65 0.128125 0.1015625 0.10625
2 0.3578125 0.2921875 0.096875 0.103125
2 0.671875 0.2625 0.0921875 0.096875
2 0.534375 0.3 0.071875 0.075
2 0.35 0.4359375 0.1078125 0.1140625
2 0.509375 0.446875 0.1078125 0.1109375
2 0.3046875 0.5859375 0.103125 0.1078125
2 0.4828125 0.05625 0.0640625 0.06875
2 0.728125 0.3734375 0.084375 0.0875
2 0.7015625 0.5546875 0.0953125 0.0984375
2 0.6015625 0.603125 0.0921875 0.096875
2 0.703125 0.690625 0.109375 0.1140625
2 0.346875 0.7640625 0.0953125 0.1
2 0.3875 0.6578125 0.08125 0.0875
2 0.5734375 0.753125 0.0921875 0.096875
2 0.4453125 0.7859375 0.0765625 0.08125