2 0.3828125 0.109375 0.0875 0.0828125
0 0.5453125 0.3328125 0.0953125 0.096875
1 0.5390625 0.9328125 0.1078125 0.10625
2 0.4609375 0.05 0.078125 0.08125
2 0.5515625 0.1140625 0.090625 0.09375
2 0.3 0.178125 0.0796875 0.08125
2 0.634375 0.171875 0.0828125 0.0859375
2 0.65 0.0625 0.078125 0.08125
2 0.484375 0.271875 0.0703125 0.0703125
2 0.5546875 0.2265625 0.0828125 0.084375
2 0.725 0.2078125 0.0828125 0.0875
2 0.3015625 0.346875 0.0671875 0.0703125
2 0.559375 0.746875 0.08125 0.084375
2 0.2703125 0.2609375 0.053125 0.05625
2 0.3046875 0.6609375 0.0734375 0.0765625
2 0.653125 0.2734375 0.084375 0.0859375
2 0.2578125 0.53125 0.0671875 0.06875
2 0.665625 0.753125 0.0890625 0.0921875
2 0.471875 0.7953125 0.0828125 0.0859375
2 0.6453125 0.5734375 0.096875 0.096875
2 0.340625 0.4671875 0.0640625 0.0640625
2 0.4296875 0.359375 0.0859375 0.0828125
2 0.7015625 0.659375 0.08125 0.0859375
2 0.725 0.3875 0.0734375 0.071875
2 0.346875 0.565625 0.065625 0.065625
2 0.253125 0.0453125 0.0734375 0.0765625
2 0.39375 0.6984375 0.08125 0.084375
2 0.425 0.59375 0.0671875 0.0671875
2 0.565625 0.4546875 0.075 0.075
2 0.7265625 0.9234375 0.0875 0.090625
2 0.378125 0.8546875 0.065625 0.0671875
2 0.503125 0.6609375 0.0890625 0.090625
2 0.6171875 0.6640625 0.0671875 0.071875
2 0.6265625 0.3625 0.0453125 0.0484375
2 0.440625 0.940625 0.0921875 0.09375
2 0.4421875 0.4671875 0.0703125 0.0765625
2 0.6296875 0.9546875 0.0765625 0.08125
2 0.6546875 0.865625 0.0375 0.0390625
2 0.3796875 0.284375 0.025 0.0265625
2 0.5078125 0.5671875 0.0859375 0.075
2 0.5828125 0.840625 0.0703125 0.0734375
2 0.740625 0.825 0.025 0.0265625
2 0.4328125 0.2 0.078125 0.08125
2 0.33125 0.759375 0.0609375 0.0640625
2 0.7046875 0.490625 0.0828125 0.075