2 0.5890625 0.1234375 0.1140625 0.11875
2 0.621875 0.2453125 0.09375 0.1
2 0.60625 0.4296875 0.109375 0.11875
2 0.7375 0.4484375 0.09375 0.1046875
2 0.68125 0.6171875 0.1015625 0.1125
2 0.559375 0.678125 0.1015625 0.103125
2 0.465625 0.709375 0.0890625 0.0890625
2 0.4921875 0.909375 0.0765625 0.0796875
2 0.6875 0.934375 0.0546875 0.0578125
2 0.3265625 0.55625 0.10625 0.103125
2 0.4515625 0.5109375 0.0828125 0.09375
2 0.2953125 0.3703125 0.1171875 0.1203125
2 0.4625 0.35625 0.0421875 0.03125
2 0.41875 0.2484375 0.090625 0.103125
2 0.3453125 0.1421875 0.1125 0.1203125
2 0.453125 0.0578125 0.0828125 0.075
2 0.321875 0.234375 0.0765625 0.0796875
1 0.3765625 0.775 0.103125 0.1140625
1 0.528125 0.7765625 0.09375 0.1
1 0.3765625 0.8875 0.1046875 0.1046875