2 0.325 0.1328125 0.125 0.11875
0 0.5984375 0.2640625 0.109375 0.1109375
1 0.403125 0.5828125 0.103125 0.1078125
2 0.590625 0.15 0.096875 0.0984375
2 0.49375 0.2265625 0.0953125 0.0984375
2 0.478125 0.384375 0.0953125 0.096875
2 0.334375 0.3484375 0.0859375 0.0890625
2 0.4828125 0.1015625 0.078125 0.08125
2 0.290625 0.61875 0.08125 0.0890625
1 0.7015625 0.65625 0.1 0.1109375
2 0.715625 0.2375 0.0890625 0.096875
2 0.275 0.86875 0.0890625 0.0921875
1 0.5828125 0.8296875 0.0875 0.0859375
2 0.3234375 0.7390625 0.08125 0.0875
2 0.3375 0.484375 0.0921875 0.0890625
2 0.521875 0.778125 0.1 0.103125
2 0.7 0.778125 0.0921875 0.0984375
2 0.428125 0.8640625 0.1078125 0.109375
2 0.50625 0.5828125 0.1 0.103125
2 0.5796875 0.6734375 0.078125 0.084375
2 0.44375 0.684375 0.0453125 0.0484375