4 0.2890625 0.33125 0.15625 0.1546875
4 0.3515625 0.575 0.159375 0.1515625
4 0.584375 0.896875 0.159375 0.159375
4 0.509375 0.071875 0.1484375 0.13125
1 0.65 0.6109375 0.1015625 0.084375
1 0.40625 0.3546875 0.1109375 0.1140625
2 0.553125 0.1953125 0.0546875 0.04375
2 0.4046875 0.21875 0.0484375 0.053125
2 0.64375 0.3625 0.065625 0.0734375
2 0.55625 0.465625 0.1078125 0.1125
2 0.7 0.4765625 0.0875 0.0828125
2 0.525 0.603125 0.1 0.1109375
2 0.43125 0.48125 0.0671875 0.0703125
2 0.609375 0.7734375 0.1171875 0.125
2 0.2625 0.9140625 0.0453125 0.0515625