2 0.3234375 0.2828125 0.1203125 0.1296875
2 0.4453125 0.215625 0.1109375 0.1140625
2 0.484375 0.0828125 0.115625 0.1015625
2 0.653125 0.14375 0.109375 0.1265625
2 0.5765625 0.2421875 0.1125 0.1015625
2 0.6859375 0.28125 0.1234375 0.1296875
2 0.6046875 0.3875 0.0703125 0.0765625
2 0.409375 0.3484375 0.09375 0.1171875
2 0.4140625 0.5140625 0.05625 0.059375
2 0.5609375 0.6578125 0.103125 0.1171875
2 0.5828125 0.875 0.096875 0.10625
0 0.4015625 0.8765625 0.1171875 0.134375
1 0.265625 0.415625 0.103125 0.1109375
1 0.4921875 0.4234375 0.0984375 0.09375
1 0.51875 0.540625 0.096875 0.1109375
1 0.665625 0.6765625 0.0953125 0.1046875
5 0.6953125 0.528125 0.25 0.2109375