2 0.528125 0.078125 0.1 0.0984375
2 0.6484375 0.4515625 0.028125 0.0296875
2 0.5046875 0.1984375 0.103125 0.109375
1 0.4984375 0.690625 0.1 0.0984375
0 0.55546875 0.93359375 0.1234375 0.1328125
1 0.38125 0.4046875 0.1 0.1140625
2 0.3234375 0.271875 0.103125 0.1078125
2 0.440625 0.575 0.096875 0.1
2 0.384375 0.7296875 0.109375 0.1140625
2 0.325 0.925 0.11875 0.128125
2 0.3109375 0.5015625 0.1015625 0.103125
2 0.46875 0.3109375 0.090625 0.0953125
2 0.28125 0.384375 0.1 0.103125
2 0.5734375 0.5953125 0.096875 0.103125
2 0.5546875 0.7859375 0.103125 0.1078125