0 0.55625 0.1078125 0.1171875 0.1171875
1 0.609375 0.2015625 0.121875 0.1265625
2 0.65 0.3078125 0.1046875 0.1109375
5 0.321875 0.46875 0.246875 0.2125
1 0.5265625 0.7875 0.1046875 0.121875
1 0.7171875 0.890625 0.1015625 0.115625
1 0.4296875 0.9015625 0.090625 0.090625
2 0.384375 0.3046875 0.1 0.103125
2 0.678125 0.453125 0.1109375 0.1140625
2 0.6296875 0.5640625 0.1078125 0.1109375
2 0.4296875 0.1421875 0.1 0.103125
2 0.2984375 0.2125 0.11875 0.1203125
2 0.559375 0.6921875 0.0984375 0.1
2 0.5328125 0.3890625 0.11875 0.11875
1 0.35625 0.75 0.0796875 0.084375
2 0.534375 0.9265625 0.0859375 0.0859375
2 0.6640625 0.671875 0.08125 0.0859375
1 0.38125 0.61875 0.09375 0.09375
2 0.4765625 0.5421875 0.115625 0.1265625