2 0.2734375 0.584375 0.071875 0.08125
0 0.6046875 0.1875 0.0984375 0.0984375
1 0.409375 0.4734375 0.0859375 0.0859375
1 0.5234375 0.4921875 0.1109375 0.1109375
2 0.4484375 0.56875 0.071875 0.0734375
2 0.271875 0.21875 0.0609375 0.0640625
2 0.5421875 0.5984375 0.09375 0.096875
2 0.4828125 0.4 0.0890625 0.0859375
2 0.6328125 0.675 0.1 0.103125
2 0.296875 0.6921875 0.096875 0.103125
2 0.4203125 0.6734375 0.1 0.1015625
2 0.7078125 0.6046875 0.0734375 0.0765625
2 0.5578125 0.81875 0.09375 0.096875
2 0.6578125 0.33125 0.09375 0.0953125
2 0.2765625 0.378125 0.1 0.103125
2 0.5296875 0.721875 0.06875 0.071875
2 0.2828125 0.846875 0.1 0.103125
2 0.671875 0.4984375 0.103125 0.103125
2 0.7203125 0.4171875 0.053125 0.05625
2 0.3421875 0.5078125 0.04375 0.04375
2 0.515625 0.1703125 0.075 0.075
2 0.7125 0.228125 0.090625 0.09375
2 0.6171875 0.0890625 0.059375 0.0640625
2 0.684375 0.84375 0.096875 0.1
2 0.3484375 0.1328125 0.0859375 0.0890625
2 0.3703125 0.2515625 0.1140625 0.1171875
2 0.265625 0.46875 0.034375 0.034375
2 0.5859375 0.4125 0.071875 0.0734375
2 0.5296875 0.290625 0.1109375 0.1125
2 0.7234375 0.7296875 0.0375 0.040625
2 0.709375 0.0890625 0.078125 0.0875
2 0.3859375 0.4015625 0.0671875 0.0640625
2 0.3828125 0.896875 0.08125 0.084375
2 0.6140625 0.921875 0.05625 0.0609375
2 0.5109375 0.94375 0.0625 0.065625
2 0.3609375 0.596875 0.0265625 0.0265625
2 0.4625 0.071875 0.0890625 0.090625
2 0.7234375 0.9265625 0.0140625 0.0140625
1 0.3875 0.4484375 0.0453125 0.034375
2 0.421875 0.79375 0.1140625 0.1140625