1 0.49375 0.2015625 0.1078125 0.10625
1 0.6234375 0.2359375 0.1 0.103125
1 0.7203125 0.225 0.1078125 0.1171875
1 0.5734375 0.453125 0.1046875 0.109375
1 0.3265625 0.734375 0.1046875 0.1078125
1 0.565625 0.846875 0.0703125 0.0734375
3 0.6765625 0.7734375 0.10625 0.1125
3 0.290625 0.9296875 0.1125 0.1296875
2 0.446875 0.865625 0.0984375 0.103125
2 0.3265625 0.5765625 0.0984375 0.1140625
2 0.4421875 0.48125 0.1046875 0.10625
2 0.3171875 0.128125 0.103125 0.1203125
2 0.5140625 0.3328125 0.0421875 0.0421875
2 0.659375 0.0640625 0.0328125 0.0421875
2 0.7078125 0.4234375 0.1140625 0.1140625
2 0.590625 0.6890625 0.0875 0.1015625
4 0.646875 0.5453125 0.096875 0.103125
4 0.4421875 0.596875 0.140625 0.1375
4 0.284375 0.246875 0.1578125 0.1546875
4 0.5109375 0.0546875 0.1359375 0.109375