1 0.715625 0.14375 0.1140625 0.1125
0 0.5484375 0.8578125 0.1234375 0.1203125
2 0.7515625 0.7203125 0.1109375 0.115625
1 0.3953125 0.36875 0.10625 0.11875
1 0.590625 0.3484375 0.09375 0.1109375
2 0.428125 0.6078125 0.0859375 0.0890625
1 0.5984375 0.46875 0.0921875 0.1078125
1 0.346875 0.6234375 0.0875 0.1
2 0.509375 0.271875 0.08125 0.084375
2 0.5265625 0.16875 0.1015625 0.103125
2 0.596875 0.6640625 0.0453125 0.0484375
2 0.496875 0.5109375 0.10625 0.1046875
1 0.5 0.753125 0.0890625 0.1015625
1 0.6953125 0.921875 0.0921875 0.1078125
2 0.3703125 0.4890625 0.0921875 0.096875
2 0.3125 0.809375 0.103125 0.1125
1 0.4203125 0.3328125 0.0484375 0.0375