5 0.5828125 0.14375 0.209375 0.178125
2 0.4046875 0.1453125 0.09375 0.103125
2 0.315625 0.25625 0.0953125 0.10625
2 0.346875 0.3625 0.103125 0.1015625
2 0.2953125 0.4640625 0.090625 0.1109375
2 0.409375 0.4484375 0.096875 0.096875
2 0.5421875 0.365625 0.0875 0.1015625
2 0.503125 0.259375 0.034375 0.0375
2 0.634375 0.2671875 0.08125 0.1015625
2 0.721875 0.20625 0.0890625 0.0953125
2 0.696875 0.1125 0.0734375 0.08125
2 0.675 0.4359375 0.0125 0.0203125
2 0.5328125 0.4890625 0.015625 0.0203125
2 0.6046875 0.5421875 0.0375 0.0421875
2 0.721875 0.55 0.096875 0.084375
2 0.6453125 0.6453125 0.103125 0.1140625
2 0.5625 0.7046875 0.08125 0.09375
2 0.6140625 0.7921875 0.090625 0.0859375
2 0.6890625 0.934375 0.0515625 0.0640625
2 0.515625 0.853125 0.046875 0.05
2 0.54375 0.946875 0.0390625 0.046875
2 0.4203125 0.740625 0.096875 0.084375
2 0.3015625 0.665625 0.11875 0.125
2 0.5203125 0.6125 0.0828125 0.0796875
2 0.2734375 0.93125 0.1078125 0.1078125
2 0.3015625 0.8171875 0.11875 0.10625
3 0.434375 0.553125 0.096875 0.1125
3 0.3828125 0.8796875 0.1046875 0.1140625
1 0.3515625 0.54375 0.09375 0.0890625