4 0.2796875 0.4171875 0.1109375 0.115625
4 0.371875 0.44375 0.134375 0.1359375
4 0.515625 0.253125 0.1484375 0.1453125
4 0.3421875 0.1265625 0.1578125 0.1578125
2 0.4484375 0.0640625 0.096875 0.096875
2 0.6734375 0.359375 0.084375 0.1015625
2 0.74375 0.46875 0.0953125 0.0953125
2 0.69375 0.6453125 0.1125 0.121875
2 0.6796875 0.7921875 0.096875 0.0984375
2 0.684375 0.9421875 0.1140625 0.115625
2 0.4921875 0.9078125 0.125 0.1140625
2 0.5046875 0.7296875 0.090625 0.096875
2 0.3765625 0.7625 0.059375 0.0671875
2 0.5578125 0.5640625 0.1078125 0.11875
2 0.359375 0.5921875 0.0953125 0.1
2 0.453125 0.51875 0.096875 0.1
2 0.4640625 0.375 0.1046875 0.1078125