1 0.2671875 0.6296875 0.115625 0.1171875
2 0.2625 0.8171875 0.08125 0.0859375
2 0.675 0.5078125 0.059375 0.0640625
2 0.621875 0.6765625 0.1109375 0.121875
2 0.28125 0.3953125 0.1 0.109375
2 0.6234375 0.05 0.096875 0.1
2 0.5390625 0.2375 0.0421875 0.046875
2 0.36875 0.0796875 0.1078125 0.1171875
2 0.421875 0.775 0.084375 0.0890625
2 0.64375 0.821875 0.096875 0.1
2 0.6828125 0.3640625 0.1109375 0.115625
2 0.459375 0.4828125 0.103125 0.1046875
2 0.459375 0.375 0.0984375 0.1
2 0.3625 0.2375 0.0078125 0.009375
2 0.559375 0.4421875 0.0953125 0.1