2 0.3984375 0.13125 0.1171875 0.115625
2 0.5546875 0.1515625 0.096875 0.0953125
2 0.60625 0.3234375 0.1203125 0.128125
2 0.7234375 0.3390625 0.078125 0.0890625
2 0.696875 0.5796875 0.1140625 0.1328125
2 0.5828125 0.65 0.0984375 0.1
2 0.3375 0.53125 0.0984375 0.103125
2 0.2703125 0.6265625 0.1 0.1046875
2 0.275 0.8984375 0.1296875 0.1109375
2 0.43125 0.86875 0.0421875 0.05625
3 0.6578125 0.7546875 0.1171875 0.121875
3 0.3328125 0.74375 0.1078125 0.128125
4 0.4609375 0.7515625 0.1515625 0.15625
4 0.5671875 0.89375 0.1484375 0.15
4 0.3625 0.3484375 0.1296875 0.13125
4 0.4125 0.4328125 0.153125 0.159375
1 0.253125 0.3375 0.1015625 0.1171875
1 0.4859375 0.3265625 0.1 0.109375
2 0.5296875 0.5171875 0.0328125 0.0296875