4 0.7109375 0.33125 0.15625 0.1546875
4 0.6484375 0.575 0.159375 0.1515625
4 0.415625 0.896875 0.159375 0.159375
4 0.490625 0.071875 0.1484375 0.13125
1 0.35 0.6109375 0.1015625 0.084375
1 0.59375 0.3546875 0.1109375 0.1140625
2 0.446875 0.1953125 0.0546875 0.04375
2 0.5953125 0.21875 0.0484375 0.053125
2 0.35625 0.3625 0.065625 0.0734375
2 0.44375 0.465625 0.1078125 0.1125
2 0.3 0.4765625 0.0875 0.0828125
2 0.475 0.603125 0.1 0.1109375
2 0.56875 0.48125 0.0671875 0.0703125
2 0.390625 0.7734375 0.1171875 0.125
2 0.7375 0.9140625 0.0453125 0.0515625