2 0.26875 0.24375 0.109375 0.1140625
2 0.33125 0.3484375 0.09375 0.0921875
2 0.4703125 0.396875 0.1265625 0.1265625
2 0.5734375 0.146875 0.096875 0.1171875
2 0.6984375 0.2265625 0.096875 0.09375
2 0.4921875 0.2171875 0.1046875 0.1078125
2 0.5125 0.5734375 0.071875 0.059375
2 0.2703125 0.6265625 0.0953125 0.0984375
2 0.3234375 0.721875 0.0609375 0.05625
2 0.259375 0.859375 0.0984375 0.1046875
2 0.6515625 0.6484375 0.1125 0.10625
2 0.4375 0.6796875 0.121875 0.1171875
0 0.453125 0.1046875 0.13125 0.1265625
5 0.675 0.4546875 0.2328125 0.2203125
1 0.6375 0.7359375 0.1015625 0.1046875
1 0.3953125 0.5859375 0.096875 0.1
1 0.478125 0.7875 0.1171875 0.1203125
1 0.5828125 0.9109375 0.090625 0.096875