5 0.69375 0.534375 0.2390625 0.21875
2 0.5265625 0.1296875 0.0828125 0.084375
2 0.2875 0.1453125 0.1109375 0.1234375
1 0.2671875 0.4140625 0.10625 0.10625
0 0.384375 0.8625 0.1234375 0.1328125
2 0.571875 0.8921875 0.1140625 0.11875
2 0.3234375 0.784375 0.0984375 0.103125
2 0.4703125 0.7578125 0.103125 0.1046875
2 0.6765625 0.8078125 0.090625 0.0953125
2 0.6828125 0.25625 0.053125 0.05625
1 0.459375 0.0421875 0.0828125 0.084375
1 0.471875 0.4375 0.0875 0.0953125
2 0.3734375 0.6796875 0.10625 0.109375
2 0.4234375 0.54375 0.0953125 0.0984375
2 0.6046875 0.396875 0.09375 0.0984375
2 0.409375 0.35625 0.0953125 0.096875
2 0.5921875 0.7484375 0.0421875 0.0453125
2 0.3140625 0.528125 0.090625 0.0953125
2 0.515625 0.3125 0.0921875 0.096875
2 0.36875 0.4421875 0.0796875 0.08125
2 0.6578125 0.1515625 0.021875 0.021875
2 0.5203125 0.6453125 0.0625 0.075
1 0.5296875 0.546875 0.1 0.109375
1 0.671875 0.6796875 0.0953125 0.0953125