5 0.3375 0.496875 0.2046875 0.165625
0 0.39375 0.7171875 0.121875 0.1109375
3 0.2984375 0.2109375 0.0765625 0.0734375
3 0.6578125 0.6984375 0.075 0.071875
1 0.59375 0.25 0.103125 0.1125
2 0.678125 0.1859375 0.084375 0.0828125
1 0.7265625 0.265625 0.1078125 0.096875
1 0.384375 0.23125 0.09375 0.1015625
1 0.46875 0.340625 0.09375 0.09375
1 0.5109375 0.4703125 0.096875 0.0953125
1 0.43125 0.846875 0.10625 0.11875
1 0.65 0.934375 0.103125 0.1078125
2 0.284375 0.8390625 0.0890625 0.0765625
2 0.46875 0.5625 0.0703125 0.0765625
2 0.3484375 0.365625 0.0875 0.096875
2 0.2609375 0.296875 0.0515625 0.05625
2 0.3203125 0.1234375 0.096875 0.103125
2 0.440625 0.428125 0.0828125 0.09375
2 0.703125 0.4578125 0.0828125 0.090625
2 0.628125 0.3578125 0.08125 0.0890625
2 0.60625 0.5046875 0.09375 0.0796875
2 0.7203125 0.6375 0.0921875 0.0984375
2 0.4953125 0.7375 0.0890625 0.09375
2 0.6828125 0.8359375 0.1 0.103125
2 0.275 0.7015625 0.040625 0.034375
2 0.48125 0.240625 0.078125 0.0890625