3 0.6765625 0.7375 0.1171875 0.121875
3 0.353125 0.7671875 0.10625 0.11875
2 0.55625 0.1875 0.1140625 0.1046875
2 0.2953125 0.1203125 0.109375 0.1140625
2 0.6390625 0.2609375 0.084375 0.09375
2 0.434375 0.3953125 0.103125 0.1078125
2 0.3484375 0.4453125 0.0953125 0.078125
2 0.4734375 0.53125 0.0296875 0.04375
2 0.4375 0.6640625 0.096875 0.1171875
2 0.70625 0.8921875 0.128125 0.103125
1 0.2734375 0.9 0.1140625 0.11875
1 0.625 0.634375 0.1 0.0984375
1 0.5125 0.3234375 0.0484375 0.0484375
1 0.3859375 0.2015625 0.034375 0.0265625
5 0.678125 0.4484375 0.0703125 0.06875