2 0.4640625 0.115625 0.11875 0.1171875
2 0.34375 0.175 0.11875 0.1203125
2 0.64375 0.1265625 0.046875 0.04375
2 0.6875 0.365625 0.0953125 0.0890625
2 0.484375 0.3140625 0.1140625 0.1109375
2 0.4125 0.4359375 0.13125 0.1203125
2 0.55 0.4328125 0.03125 0.03125
2 0.65625 0.509375 0.121875 0.1328125
2 0.7203125 0.703125 0.1140625 0.121875
2 0.434375 0.665625 0.0765625 0.08125
2 0.2734375 0.81875 0.1 0.109375
2 0.5171875 0.9140625 0.125 0.11875
1 0.4609375 0.7609375 0.0796875 0.084375
1 0.359375 0.303125 0.0984375 0.11875
3 0.540625 0.5859375 0.10625 0.1125
3 0.425 0.5359375 0.103125 0.10625