1 0.7265625 0.8296875 0.103125 0.1109375
1 0.71875 0.184375 0.096875 0.090625
3 0.459375 0.2921875 0.1125 0.1203125
3 0.55625 0.2203125 0.1109375 0.115625
2 0.4234375 0.1546875 0.115625 0.109375
2 0.4828125 0.4265625 0.096875 0.1
2 0.30625 0.125 0.0875 0.10625
2 0.621875 0.290625 0.084375 0.084375
2 0.6640625 0.378125 0.0859375 0.0859375
2 0.615625 0.74375 0.103125 0.1078125
2 0.675 0.63125 0.0890625 0.09375
2 0.3703125 0.2609375 0.09375 0.0984375
2 0.40625 0.4703125 0.078125 0.078125
2 0.7265625 0.2921875 0.0984375 0.1
2 0.35 0.5578125 0.0984375 0.0984375
2 0.5046875 0.7375 0.0671875 0.0703125
2 0.346875 0.384375 0.1 0.1
2 0.553125 0.6015625 0.1 0.1015625
2 0.6453125 0.4859375 0.096875 0.1
2 0.3171875 0.9125 0.0859375 0.0890625
2 0.4296875 0.88125 0.1015625 0.1046875
2 0.5421875 0.8328125 0.0375 0.0421875
2 0.6015625 0.9125 0.0375 0.0375