2 0.65625 0.43125 0.096875 0.10625
1 0.659375 0.2921875 0.109375 0.121875
1 0.459375 0.8359375 0.10625 0.125
0 0.56875 0.93359375 0.13125 0.1328125
2 0.2734375 0.3921875 0.096875 0.1
1 0.353125 0.5578125 0.0953125 0.1140625
2 0.3171875 0.734375 0.096875 0.103125
2 0.684375 0.596875 0.1 0.1046875
2 0.5625 0.653125 0.1 0.10625
1 0.428125 0.6875 0.0890625 0.103125
2 0.43125 0.528125 0.0859375 0.0859375
1 0.55 0.35 0.0859375 0.09375
2 0.5265625 0.2375 0.103125 0.1078125
2 0.3953125 0.1765625 0.1 0.103125
2 0.646875 0.15625 0.1 0.103125
2 0.6125 0.78125 0.103125 0.109375
2 0.39375 0.403125 0.1078125 0.1109375
2 0.5296875 0.1203125 0.1109375 0.1140625
2 0.5546875 0.5390625 0.028125 0.0296875
2 0.3703125 0.296875 0.0859375 0.0890625
2 0.5171875 0.4265625 0.0265625 0.0265625