4 0.43125 0.8953125 0.109375 0.115625
4 0.546875 0.7546875 0.153125 0.15625
4 0.5828125 0.434375 0.1546875 0.15
4 0.6375 0.3515625 0.13125 0.1265625
2 0.2734375 0.35 0.109375 0.1203125
2 0.3078125 0.1046875 0.046875 0.046875
2 0.4578125 0.165625 0.096875 0.1046875
2 0.5609375 0.18125 0.0265625 0.0265625
2 0.3375 0.45625 0.1140625 0.1015625
2 0.3015625 0.5890625 0.109375 0.13125
2 0.428125 0.6609375 0.0734375 0.0765625
2 0.4671875 0.5265625 0.0921875 0.1125
2 0.6359375 0.259375 0.0859375 0.0984375
2 0.665625 0.53125 0.109375 0.103125
2 0.7109375 0.8796875 0.08125 0.09375
2 0.56875 0.88125 0.1171875 0.1203125
3 0.684375 0.734375 0.1140625 0.1328125
3 0.3515625 0.7703125 0.109375 0.13125
1 0.615625 0.628125 0.1 0.09375
1 0.5109375 0.325 0.0984375 0.109375