2 0.3109375 0.83125 0.10625 0.10625
2 0.6859375 0.95078125 0.103125 0.0984375
2 0.58125 0.5828125 0.1203125 0.1203125
2 0.6671875 0.665625 0.1015625 0.103125
2 0.55 0.340625 0.0984375 0.1078125
2 0.45 0.2921875 0.0953125 0.1
2 0.45 0.15625 0.1 0.103125
2 0.3265625 0.165625 0.096875 0.1046875
2 0.6984375 0.2546875 0.046875 0.053125
1 0.384375 0.0640625 0.1015625 0.096875
1 0.3421875 0.38125 0.09375 0.09375
1 0.2765625 0.434375 0.10625 0.103125
1 0.596875 0.7484375 0.10625 0.115625
0 0.678125 0.3734375 0.109375 0.1015625
4 0.7171875 0.5359375 0.146875 0.1484375
4 0.559375 0.4484375 0.1421875 0.1421875
4 0.4421875 0.4265625 0.1515625 0.1546875
4 0.371875 0.4984375 0.14375 0.1453125
2 0.428125 0.7578125 0.0265625 0.025
2 0.2984375 0.721875 0.015625 0.015625