2 0.6171875 0.109375 0.0875 0.0828125
0 0.4546875 0.3328125 0.0953125 0.096875
1 0.4609375 0.9328125 0.1078125 0.10625
2 0.5390625 0.05 0.078125 0.08125
2 0.4484375 0.1140625 0.090625 0.09375
2 0.7 0.178125 0.0796875 0.08125
2 0.365625 0.171875 0.0828125 0.0859375
2 0.35 0.0625 0.078125 0.08125
2 0.515625 0.271875 0.0703125 0.0703125
2 0.4453125 0.2265625 0.0828125 0.084375
2 0.275 0.2078125 0.0828125 0.0875
2 0.6984375 0.346875 0.0671875 0.0703125
2 0.440625 0.746875 0.08125 0.084375
2 0.7296875 0.2609375 0.053125 0.05625
2 0.6953125 0.6609375 0.0734375 0.0765625
2 0.346875 0.2734375 0.084375 0.0859375
2 0.7421875 0.53125 0.0671875 0.06875
2 0.334375 0.753125 0.0890625 0.0921875
2 0.528125 0.7953125 0.0828125 0.0859375
2 0.3546875 0.5734375 0.096875 0.096875
2 0.659375 0.4671875 0.0640625 0.0640625
2 0.5703125 0.359375 0.0859375 0.0828125
2 0.2984375 0.659375 0.08125 0.0859375
2 0.275 0.3875 0.0734375 0.071875
2 0.653125 0.565625 0.065625 0.065625
2 0.746875 0.0453125 0.0734375 0.0765625
2 0.60625 0.6984375 0.08125 0.084375
2 0.575 0.59375 0.0671875 0.0671875
2 0.434375 0.4546875 0.075 0.075
2 0.2734375 0.9234375 0.0875 0.090625
2 0.621875 0.8546875 0.065625 0.0671875
2 0.496875 0.6609375 0.0890625 0.090625
2 0.3828125 0.6640625 0.0671875 0.071875
2 0.3734375 0.3625 0.0453125 0.0484375
2 0.559375 0.940625 0.0921875 0.09375
2 0.5578125 0.4671875 0.0703125 0.0765625
2 0.3703125 0.9546875 0.0765625 0.08125
2 0.3453125 0.865625 0.0375 0.0390625
2 0.6203125 0.284375 0.025 0.0265625
2 0.4921875 0.5671875 0.0859375 0.075
2 0.4171875 0.840625 0.0703125 0.0734375
2 0.259375 0.825 0.025 0.0265625
2 0.5671875 0.2 0.078125 0.08125
2 0.66875 0.759375 0.0609375 0.0640625
2 0.2953125 0.490625 0.0828125 0.075