4 0.5328125 0.06875 0.1515625 0.1265625
4 0.2875 0.321875 0.153125 0.1546875
4 0.3484375 0.565625 0.15 0.1515625
4 0.578125 0.8828125 0.15 0.1609375
2 0.3953125 0.7265625 0.1109375 0.1125
0 0.4578125 0.86875 0.11875 0.125
1 0.665625 0.60625 0.1078125 0.10625
1 0.4015625 0.3390625 0.0984375 0.1140625
2 0.675 0.7890625 0.1078125 0.1109375
2 0.634375 0.1328125 0.0921875 0.096875
1 0.503125 0.74375 0.096875 0.103125
2 0.5015625 0.290625 0.08125 0.0859375
1 0.3015625 0.946875 0.0921875 0.103125
2 0.6265625 0.48125 0.0609375 0.0640625
2 0.659375 0.2421875 0.0984375 0.1015625
2 0.4109375 0.4796875 0.0875 0.0875
2 0.503125 0.5125 0.05625 0.0578125
2 0.328125 0.10625 0.0890625 0.0953125
1 0.4296875 0.3390625 0.0484375 0.0671875