1 0.7328125 0.6296875 0.115625 0.1171875
2 0.7375 0.8171875 0.08125 0.0859375
2 0.325 0.5078125 0.059375 0.0640625
2 0.378125 0.6765625 0.1109375 0.121875
2 0.71875 0.3953125 0.1 0.109375
2 0.3765625 0.05 0.096875 0.1
2 0.4609375 0.2375 0.0421875 0.046875
2 0.63125 0.0796875 0.1078125 0.1171875
2 0.578125 0.775 0.084375 0.0890625
2 0.35625 0.821875 0.096875 0.1
2 0.3171875 0.3640625 0.1109375 0.115625
2 0.540625 0.4828125 0.103125 0.1046875
2 0.540625 0.375 0.0984375 0.1
2 0.6375 0.2375 0.0078125 0.009375
2 0.440625 0.4421875 0.0953125 0.1