2 0.36875 0.1578125 0.121875 0.1296875
2 0.553125 0.328125 0.1171875 0.11875
2 0.6453125 0.2265625 0.0875 0.0890625
2 0.678125 0.3828125 0.1 0.1125
2 0.5765625 0.4609375 0.096875 0.1125
2 0.425 0.496875 0.1015625 0.1015625
2 0.4203125 0.6953125 0.0953125 0.1109375
2 0.3171875 0.8625 0.121875 0.13125
2 0.678125 0.815625 0.021875 0.034375
2 0.70625 0.615625 0.09375 0.1140625
2 0.56875 0.634375 0.128125 0.1234375
1 0.4828125 0.8546875 0.028125 0.021875
1 0.3265625 0.3421875 0.1171875 0.1046875
0 0.3015625 0.509375 0.0171875 0.021875