5 0.4171875 0.14375 0.209375 0.178125
2 0.5953125 0.1453125 0.09375 0.103125
2 0.684375 0.25625 0.0953125 0.10625
2 0.653125 0.3625 0.103125 0.1015625
2 0.7046875 0.4640625 0.090625 0.1109375
2 0.590625 0.4484375 0.096875 0.096875
2 0.4578125 0.365625 0.0875 0.1015625
2 0.496875 0.259375 0.034375 0.0375
2 0.365625 0.2671875 0.08125 0.1015625
2 0.278125 0.20625 0.0890625 0.0953125
2 0.303125 0.1125 0.0734375 0.08125
2 0.325 0.4359375 0.0125 0.0203125
2 0.4671875 0.4890625 0.015625 0.0203125
2 0.3953125 0.5421875 0.0375 0.0421875
2 0.278125 0.55 0.096875 0.084375
2 0.3546875 0.6453125 0.103125 0.1140625
2 0.4375 0.7046875 0.08125 0.09375
2 0.3859375 0.7921875 0.090625 0.0859375
2 0.3109375 0.934375 0.0515625 0.0640625
2 0.484375 0.853125 0.046875 0.05
2 0.45625 0.946875 0.0390625 0.046875
2 0.5796875 0.740625 0.096875 0.084375
2 0.6984375 0.665625 0.11875 0.125
2 0.4796875 0.6125 0.0828125 0.0796875
2 0.7265625 0.93125 0.1078125 0.1078125
2 0.6984375 0.8171875 0.11875 0.10625
3 0.565625 0.553125 0.096875 0.1125
3 0.6171875 0.8796875 0.1046875 0.1140625
1 0.6484375 0.54375 0.09375 0.0890625