1 0.51875 0.1765625 0.096875 0.1046875
1 0.265625 0.34375 0.1140625 0.1140625
1 0.490625 0.3203125 0.0953125 0.11875
1 0.5328125 0.409375 0.0953125 0.09375
2 0.4 0.1234375 0.1 0.1046875
2 0.7328125 0.390625 0.1171875 0.1296875
2 0.6015625 0.315625 0.0484375 0.0515625
2 0.621875 0.453125 0.0984375 0.109375
2 0.6703125 0.575 0.09375 0.1078125
2 0.5046875 0.534375 0.1078125 0.1234375
2 0.3890625 0.6484375 0.0875 0.1046875
2 0.278125 0.621875 0.1078125 0.1078125
2 0.3046875 0.4875 0.1046875 0.10625
2 0.28125 0.884375 0.1125 0.11875
2 0.428125 0.878125 0.11875 0.121875
4 0.365625 0.346875 0.1171875 0.128125
4 0.4203125 0.4296875 0.1421875 0.1484375
4 0.46875 0.7421875 0.1484375 0.165625
4 0.575 0.896875 0.15625 0.159375
0 0.6171875 0.0640625 0.128125 0.128125