2 0.646875 0.3078125 0.1046875 0.109375
2 0.6421875 0.44375 0.08125 0.0953125
2 0.53125 0.403125 0.1203125 0.1265625
2 0.5125 0.2484375 0.0984375 0.1046875
2 0.428125 0.15625 0.103125 0.1046875
2 0.2859375 0.203125 0.0359375 0.0453125
2 0.4828125 0.5546875 0.1015625 0.1
2 0.453125 0.659375 0.0875 0.09375
2 0.559375 0.690625 0.0984375 0.1078125
2 0.6625 0.6765625 0.08125 0.1015625
2 0.6171875 0.809375 0.103125 0.109375
2 0.53828125 0.95078125 0.0984375 0.0984375
1 0.709375 0.909375 0.1109375 0.1125
1 0.415625 0.9171875 0.09375 0.0921875
1 0.5078125 0.78125 0.1078125 0.115625
1 0.35 0.7484375 0.0953125 0.103125
1 0.6125 0.1921875 0.1109375 0.1203125
0 0.54375 0.103125 0.1203125 0.1234375
5 0.35 0.459375 0.2453125 0.209375