3 0.303125 0.2125 0.11875 0.115625
3 0.6609375 0.6953125 0.115625 0.115625
2 0.7140625 0.2125 0.0875 0.1
1 0.596875 0.2515625 0.10625 0.1203125
2 0.534375 0.7703125 0.1046875 0.0953125
2 0.5578125 0.346875 0.0953125 0.096875
2 0.7203125 0.8203125 0.0890625 0.0921875
2 0.325 0.4234375 0.103125 0.103125
2 0.6125 0.5890625 0.103125 0.1015625
2 0.35625 0.303125 0.09375 0.0984375
2 0.4890625 0.6640625 0.1015625 0.103125
2 0.684375 0.4703125 0.0890625 0.0921875
2 0.4328125 0.459375 0.084375 0.084375
2 0.41875 0.0890625 0.1125 0.115625
1 0.3484375 0.54375 0.096875 0.1015625
2 0.5625 0.103125 0.059375 0.0625
2 0.440625 0.2140625 0.090625 0.090625
2 0.421875 0.928125 0.0328125 0.0328125
2 0.559375 0.878125 0.0234375 0.0234375
2 0.5515625 0.471875 0.115625 0.1015625
2 0.3484375 0.6984375 0.11875 0.1125
2 0.340625 0.846875 0.125 0.1078125