1 0.50625 0.2015625 0.1078125 0.10625
1 0.3765625 0.2359375 0.1 0.103125
1 0.2796875 0.225 0.1078125 0.1171875
1 0.4265625 0.453125 0.1046875 0.109375
1 0.6734375 0.734375 0.1046875 0.1078125
1 0.434375 0.846875 0.0703125 0.0734375
3 0.3234375 0.7734375 0.10625 0.1125
3 0.709375 0.9296875 0.1125 0.1296875
2 0.553125 0.865625 0.0984375 0.103125
2 0.6734375 0.5765625 0.0984375 0.1140625
2 0.5578125 0.48125 0.1046875 0.10625
2 0.6828125 0.128125 0.103125 0.1203125
2 0.4859375 0.3328125 0.0421875 0.0421875
2 0.340625 0.0640625 0.0328125 0.0421875
2 0.2921875 0.4234375 0.1140625 0.1140625
2 0.409375 0.6890625 0.0875 0.1015625
4 0.353125 0.5453125 0.096875 0.103125
4 0.5578125 0.596875 0.140625 0.1375
4 0.715625 0.246875 0.1578125 0.1546875
4 0.4890625 0.0546875 0.1359375 0.109375