4 0.5328125 0.4484375 0.1109375 0.1109375
4 0.4390625 0.45 0.128125 0.1375
4 0.6265625 0.5046875 0.1390625 0.1375
4 0.2828125 0.55 0.1671875 0.1546875
2 0.6609375 0.1671875 0.1 0.1109375
2 0.6796875 0.2765625 0.115625 0.0984375
2 0.465625 0.0453125 0.11875 0.090625
2 0.3390625 0.2140625 0.040625 0.028125
2 0.5140625 0.23125 0.0453125 0.05625
2 0.4921875 0.578125 0.065625 0.0828125
2 0.615625 0.634375 0.096875 0.103125
2 0.7015625 0.578125 0.0375 0.0390625
2 0.5828125 0.7859375 0.1078125 0.115625
2 0.5015625 0.9078125 0.1109375 0.1109375
1 0.4109375 0.7421875 0.103125 0.115625
1 0.740625 0.4515625 0.121875 0.1171875
1 0.6484375 0.3703125 0.1078125 0.0890625
1 0.6328125 0.0546875 0.1 0.1078125
0 0.3140625 0.378125 0.1140625 0.1125