2 0.528125 0.09375 0.1234375 0.109375
2 0.671875 0.1140625 0.11875 0.13125
2 0.690625 0.2703125 0.1046875 0.1203125
2 0.5578125 0.1984375 0.0765625 0.0765625
2 0.4234375 0.2390625 0.0671875 0.05625
2 0.353125 0.1390625 0.0546875 0.046875
2 0.31875 0.271875 0.1140625 0.125
2 0.4546875 0.3453125 0.11875 0.115625
2 0.59375 0.5078125 0.096875 0.1046875
2 0.6265625 0.6703125 0.1046875 0.103125
2 0.5296875 0.7609375 0.1296875 0.128125
2 0.4 0.81875 0.125 0.125
2 0.446875 0.6515625 0.0875 0.1109375
1 0.3296875 0.671875 0.05625 0.053125
1 0.51875 0.44375 0.1015625 0.10625
1 0.7453125 0.4171875 0.1140625 0.109375
0 0.6140625 0.8828125 0.1265625 0.1171875
5 0.303125 0.5390625 0.2484375 0.215625