0 0.559375 0.9171875 0.03125 0.040625
1 0.48125 0.6734375 0.0921875 0.0953125
1 0.3671875 0.4109375 0.1046875 0.1109375
2 0.621875 0.146875 0.0953125 0.103125
2 0.35 0.128125 0.1015625 0.10625
2 0.6421875 0.2921875 0.096875 0.103125
2 0.328125 0.2625 0.0921875 0.096875
2 0.465625 0.3 0.071875 0.075
2 0.65 0.4359375 0.1078125 0.1140625
2 0.490625 0.446875 0.1078125 0.1109375
2 0.6953125 0.5859375 0.103125 0.1078125
2 0.5171875 0.05625 0.0640625 0.06875
2 0.271875 0.3734375 0.084375 0.0875
2 0.2984375 0.5546875 0.0953125 0.0984375
2 0.3984375 0.603125 0.0921875 0.096875
2 0.296875 0.690625 0.109375 0.1140625
2 0.653125 0.7640625 0.0953125 0.1
2 0.6125 0.6578125 0.08125 0.0875
2 0.4265625 0.753125 0.0921875 0.096875
2 0.5546875 0.7859375 0.0765625 0.08125