1 0.728125 0.8203125 0.046875 0.05
2 0.45625 0.6859375 0.0703125 0.078125
2 0.5671875 0.35625 0.075 0.0734375
2 0.4015625 0.31875 0.0734375 0.075
2 0.2859375 0.7203125 0.0765625 0.078125
2 0.3578125 0.515625 0.078125 0.075
2 0.3796875 0.7609375 0.0765625 0.078125
2 0.6296875 0.7828125 0.0890625 0.0890625
2 0.3640625 0.6015625 0.0796875 0.08125
2 0.265625 0.5140625 0.06875 0.0671875
2 0.44375 0.2203125 0.0765625 0.0765625
2 0.2640625 0.615625 0.0859375 0.0875
2 0.5484375 0.6890625 0.078125 0.08125
2 0.7140625 0.209375 0.075 0.0765625
2 0.5078125 0.171875 0.0765625 0.0765625
2 0.503125 0.2890625 0.090625 0.0921875
2 0.6671875 0.3296875 0.0859375 0.0875
2 0.70625 0.5015625 0.0828125 0.08125
2 0.546875 0.8265625 0.0890625 0.0890625
2 0.6359375 0.9015625 0.08125 0.084375
2 0.4140625 0.1359375 0.0734375 0.075
2 0.590625 0.5203125 0.059375 0.059375
2 0.615625 0.09375 0.0875 0.0875
2 0.5046875 0.909375 0.078125 0.078125
2 0.5765625 0.6046875 0.0734375 0.075
2 0.3109375 0.3421875 0.053125 0.05625
2 0.3609375 0.2296875 0.0734375 0.0734375
2 0.734375 0.40625 0.0859375 0.0859375
2 0.728125 0.715625 0.0953125 0.0984375
2 0.3859375 0.8953125 0.075 0.075
2 0.4203125 0.0640625 0.075 0.075
2 0.478125 0.7625 0.06875 0.0703125
2 0.434375 0.95625 0.0734375 0.075
2 0.6453125 0.4390625 0.0703125 0.06875
2 0.5 0.496875 0.08125 0.08125
2 0.5234375 0.0640625 0.10625 0.109375
2 0.3 0.928125 0.075 0.0765625
2 0.2828125 0.1953125 0.08125 0.0828125
2 0.4828125 0.5984375 0.0796875 0.078125
2 0.7125 0.9578125 0.0890625 0.08125
2 0.325 0.096875 0.103125 0.1046875
2 0.728125 0.10625 0.103125 0.10625
2 0.4390625 0.834375 0.0265625 0.028125
2 0.396875 0.403125 0.084375 0.084375
2 0.3 0.4296875 0.0953125 0.0875
2 0.4796875 0.39375 0.0265625 0.01875
2 0.603125 0.2171875 0.0953125 0.1015625
2 0.5625 0.4390625 0.06875 0.0796875