2 0.6515625 0.1734375 0.1140625 0.1125
2 0.334375 0.3421875 0.1203125 0.0984375
2 0.578125 0.4734375 0.1125 0.10625
2 0.6953125 0.4453125 0.103125 0.1078125
2 0.4359375 0.6375 0.109375 0.109375
4 0.653125 0.5640625 0.103125 0.103125
4 0.709375 0.3234375 0.1140625 0.1
4 0.4859375 0.05625 0.1 0.0859375
4 0.421875 0.8828125 0.10625 0.0984375
1 0.4171875 0.2234375 0.1203125 0.1125
1 0.53125 0.171875 0.096875 0.103125
1 0.325 0.1046875 0.1046875 0.1078125
1 0.303125 0.4796875 0.1046875 0.096875
1 0.53125 0.6421875 0.090625 0.09375
1 0.59375 0.834375 0.1140625 0.1296875
1 0.7125 0.8 0.103125 0.1015625
1 0.290625 0.928125 0.103125 0.0921875
2 0.384375 0.7625 0.1078125 0.10625
2 0.509375 0.7265625 0.0921875 0.0921875
2 0.746875 0.903125 0.1078125 0.1109375