2 0.6375 0.240625 0.1109375 0.10625
3 0.5828125 0.640625 0.1203125 0.109375
3 0.4046875 0.9015625 0.1125 0.1140625
1 0.4140625 0.2359375 0.1015625 0.1078125
1 0.3734375 0.4859375 0.1 0.103125
1 0.4234375 0.3984375 0.0953125 0.103125
1 0.4734375 0.534375 0.1 0.10625
1 0.3265625 0.6765625 0.0703125 0.075
2 0.653125 0.3328125 0.0921875 0.090625
1 0.528125 0.040625 0.08125 0.0796875
1 0.646875 0.0796875 0.0875 0.090625
2 0.3015625 0.5828125 0.1 0.1
2 0.678125 0.44375 0.0734375 0.0734375
2 0.525 0.228125 0.075 0.075
2 0.53125 0.4375 0.0921875 0.0921875
2 0.5859375 0.534375 0.075 0.075
2 0.528125 0.7609375 0.0859375 0.0921875
2 0.303125 0.35625 0.075 0.0765625
1 0.5890625 0.865625 0.0890625 0.0953125
2 0.2890625 0.1078125 0.10625 0.1109375
2 0.675 0.6265625 0.053125 0.0546875
2 0.403125 0.75 0.0234375 0.0265625
1 0.2671875 0.93125 0.0859375 0.0921875
2 0.559375 0.1421875 0.0234375 0.0234375