2 0.4625 0.0546875 0.128125 0.109375
2 0.671875 0.0984375 0.1125 0.1140625
2 0.7234375 0.29375 0.0578125 0.0609375
2 0.6234375 0.296875 0.1125 0.1
2 0.3734375 0.2640625 0.1109375 0.1078125
2 0.525 0.44375 0.1078125 0.1046875
2 0.6328125 0.49375 0.10625 0.115625
2 0.659375 0.3859375 0.096875 0.096875
2 0.35625 0.4234375 0.0484375 0.0515625
2 0.33125 0.5546875 0.0265625 0.03125
2 0.54375 0.6046875 0.1015625 0.11875
2 0.609375 0.7453125 0.1015625 0.1234375
2 0.5078125 0.7421875 0.0984375 0.0921875
2 0.371875 0.740625 0.1296875 0.121875
2 0.41875 0.890625 0.121875 0.1234375
2 0.5359375 0.83125 0.1046875 0.1078125
2 0.6109375 0.93125 0.1015625 0.1046875
1 0.734375 0.6515625 0.0875 0.0859375
1 0.721875 0.1890625 0.0953125 0.1
1 0.446875 0.5796875 0.0984375 0.1046875
1 0.7234375 0.8296875 0.1046875 0.11875